15282,1994422690
15286,1994422831
15290,1994422973
15284,1994423115
15282,1994423256
15282,1994423397
15296,1994423539
15292,1994423681
15285,1994423822
15276,1994423962
15276,1994424104
15286,1994424245
15289,1994424386
15292,1994424528
15290,1994424669
15293,1994424809
15290,1994424950
15288,1994425092
15273,1994425233
15284,1994425373
15278,1994425514
15290,1994425656
15285,1994425796
15290,1994425937
15279,1994426079
15281,1994426220
15271,1994426360
15282,1994426501
15277,1994426643
15288,1994426784
15281,1994426925
15273,1994427066
15294,1994427207
15294,1994427348
15282,1994427489
15285,1994427630
15284,1994427772
15293,1994427912
15283,1994428054
15283,1994428195
15289,1994428336
15286,1994428477
15286,1994428618
15292,1994428760
15287,1994428900
15279,1994429042
15288,1994429183
15278,1994429324
15280,1994429464
15295,1994429606
15286,1994429748
15286,1994429888
15299,1994430029
15280,1994430171
15291,1994430312
15271,1994430453
15281,1994430595
15293,1994430736
15295,1994430877
15288,1994431018
15281,1994431159
15288,1994431300
15305,1994431441
15314,1994431582
15290,1994431724
15286,1994431864
15289,1994432005
15296,1994432147
15285,1994432288
15300,1994432429
15312,1994432570
15301,1994432711
15289,1994432852
15294,1994432992
15295,1994433135
15288,1994433275
15290,1994433416
15335,1994433558
15290,1994433699
15282,1994433840
15285,1994433981
15292,1994434123
15286,1994434263
15289,1994434404
15316,1994434545
15306,1994434687
15292,1994434828
15296,1994434968
15287,1994435110
15303,1994435251
15298,1994435392
15304,1994435532
15315,1994435674
15279,1994435815
15278,1994435956
15274,1994436098
15290,1994436239
15295,1994436379
15300,1994436520
15332,1994436662
15299,1994436802
15291,1994436943
15284,1994437085
15293,1994437226
15276,1994437366
15288,1994437507
15300,1994437649
15301,1994437790
15282,1994437931
15283,1994438073
15283,1994438214
15279,1994438354
15295,1994438495
15323,1994438637
15321,1994438778
15270,1994438919
15276,1994439060
15282,1994439201
15271,1994439342
15291,1994439483
15282,1994439625
15305,1994439766
15313,1994439906
15299,1994440047
15291,1994440189
15301,1994440330
15251,1994440471
15272,1994440612
15285,1994440754
15279,1994440894
15308,1994441035
15279,1994441177
15273,1994441318
15280,1994441458
15297,1994441600
15281,1994441741
15282,1994441882
15290,1994442022
15293,1994442164
15300,1994442305
15279,1994442446
15290,1994442587
15275,1994442729
15284,1994442870
15274,1994443010
15295,1994443152
15283,1994443293
15301,1994443434
15290,1994443575
15288,1994443716
15280,1994443857
15286,1994443997
15301,1994444139
15297,1994444280
15288,1994444420
15286,1994444561
15276,1994444703
15286,1994444844
15277,1994444985
15287,1994445127
15287,1994445267
15286,1994445408
15278,1994445549
15293,1994445690
15279,1994445831
15279,1994445972
15288,1994446114
15285,1994446255
15285,1994446395
15293,1994446536
15284,1994446678
15280,1994446819
15295,1994446960
15286,1994447102
15296,1994447243
15287,1994447383
15296,1994447524
15301,1994447666
15320,1994447807
15299,1994447948
15304,1994448089
15277,1994448230
15283,1994448371
15271,1994448512
15288,1994448654
15322,1994448795
15311,1994448935
15299,1994449076
15283,1994449218
15280,1994449359
15290,1994449500
15280,1994449641
15317,1994449783
15308,1994449923
15298,1994450064
15279,1994450206
15284,1994450347
15295,1994450487
15281,1994450629
15300,1994450770
15320,1994450911
15305,1994451051
15289,1994451193
15290,1994451334
15289,1994451475
15289,1994451616
15293,1994451757
15319,1994451898
15293,1994452039
15288,1994452181
15293,1994452321
15291,1994452462
15286,1994452603
15295,1994452744
15322,1994452885
15310,1994453026
15298,1994453167
15296,1994453308
15308,1994453449
15298,1994453589
15275,1994453733
15331,1994453873
15295,1994454014
15302,1994454156
15281,1994454297
15290,1994454437
15286,1994454578
15271,1994454719
15312,1994454860
15312,1994455001
15289,1994455143
15282,1994455284
15290,1994455424
15283,1994455565
15290,1994455707
15284,1994455848
15291,1994455989
15287,1994456131
15276,1994456272
15283,1994456412
15289,1994456553
15298,1994456695
15294,1994456835
15284,1994456976
15286,1994457117
15297,1994457259
15288,1994457399
15287,1994457540
15285,1994457682
15293,1994457823
15284,1994457964
15282,1994458105
15280,1994458247
15301,1994458387
15283,1994458528
15277,1994458670
15293,1994458811
15283,1994458952
15282,1994459092
15290,1994459234
15284,1994459375
15287,1994459516
15277,1994459657
15267,1994459798
15296,1994459939
15282,1994460080
15290,1994460221
15279,1994460362
15291,1994460503
15285,1994460645
15293,1994460785
15302,1994460926
15301,1994461067
15291,1994461209
15289,1994461350
15289,1994461490
15289,1994461631
15282,1994461772
15284,1994461913
15287,1994462054
15288,1994462196
15299,1994462336
15287,1994462477
15288,1994462618
15274,1994462759
15282,1994462900
15280,1994463041
15290,1994463182
15273,1994463323
15295,1994463464
15295,1994463605
15295,1994463747
15266,1994463888
15308,1994464029
15296,1994464170
15305,1994464311
15293,1994464452
15283,1994464592
15287,1994464734
15290,1994464875
15311,1994465016
15317,1994465157
15307,1994465298
15289,1994465439
15286,1994465580
15298,1994465721
15280,1994465862
15299,1994466003
15312,1994466144
15310,1994466285
15298,1994466426
15252,1994466567
15289,1994466708
15284,1994466849
15301,1994466990
15354,1994467130
15303,1994467272
15272,1994467413
15284,1994467554
15291,1994467695
15291,1994467836
15291,1994467977
15324,1994468117
15300,1994468259
15314,1994468400
15293,1994468541
15295,1994468683
15283,1994468824
15309,1994468964
15322,1994469105
15315,1994469247
15286,1994469388
15300,1994469529
15302,1994469670
15302,1994469812
15297,1994469953
15285,1994470093
15324,1994470235
15294,1994470376
15311,1994470517
15275,1994470658
15302,1994470799
15295,1994470940
15302,1994471080
15314,1994471222
15294,1994471363
15294,1994471503
15292,1994471644
15295,1994471786
15297,1994471927
15300,1994472068
15290,1994472210
15277,1994472350
15300,1994472491
15280,1994472632
15287,1994472773
15291,1994472914
15277,1994473055
15299,1994473197
15291,1994473338
15285,1994473478
15290,1994473619
15266,1994473760
15284,1994473901
15287,1994474042
15290,1994474184
15289,1994474325
15297,1994474466
15297,1994474607
15275,1994474749
15282,1994474890
15289,1994475031
15296,1994475172
15293,1994475313
15270,1994475454
15282,1994475595
15286,1994475737
15287,1994475878
15284,1994476018
15283,1994476159
15282,1994476301
15289,1994476442
15289,1994476582
15279,1994476724
15282,1994476865
15282,1994477005
15296,1994477146
15279,1994477288
15283,1994477429
15292,1994477569
15286,1994477712
15295,1994477853
15290,1994477993
15287,1994478134
15287,1994478276
15294,1994478417
15294,1994478558
15286,1994478699
15277,1994478840
15291,1994478981
15295,1994479121
15287,1994479263
15286,1994479404
15296,1994479545
15299,1994479686
15292,1994479828
15280,1994479968
15302,1994480109
15297,1994480251
15325,1994480392
15297,1994480532
15298,1994480674
15295,1994480816
15297,1994480957
15280,1994481098
15280,1994481239
15327,1994481380
15296,1994481521
15288,1994481662
15289,1994481803
15297,1994481944
15290,1994482085
15286,1994482226
15333,1994482368
15315,1994482508
15299,1994482649
15296,1994482790
15288,1994482931
15294,1994483072
15283,1994483214
15313,1994483355
15312,1994483495
15302,1994483636
15288,1994483778
15299,1994483919
15290,1994484060
15285,1994484201
15300,1994484343
15314,1994484483
15299,1994484624
15288,1994484765
15297,1994484906
15289,1994485047
15290,1994485188
15302,1994485330
15307,1994485470
15291,1994485611
15302,1994485752
15296,1994485893
15277,1994486034
15281,1994486175
15291,1994486316
15331,1994486457
15298,1994486598
15294,1994486740
15289,1994486881
15291,1994487022
15294,1994487163
15290,1994487304
15317,1994487445
15304,1994487586
15292,1994487728
15281,1994487869
15276,1994488010
15279,1994488151
15299,1994488293
15289,1994488433
15281,1994488574
15286,1994488716
15293,1994488857
15290,1994488998
15284,1994489138
15301,1994489280
15290,1994489421
15301,1994489561
15286,1994489703
15298,1994489844
15291,1994489985
15285,1994490126
15292,1994490268
15290,1994490408
15287,1994490549
15292,1994490690
15283,1994490832
15293,1994490973
15294,1994491114
15288,1994491255
15307,1994491396
15284,1994491537
15299,1994491678
15299,1994491820
15282,1994491961
15288,1994492102
15287,1994492243
15280,1994492384
15294,1994492525
15287,1994492666
15297,1994492807
15279,1994492948
15282,1994493089
15276,1994493230
15282,1994493371
15297,1994493512
15288,1994493653
15290,1994493794
15292,1994493935
15281,1994494076
15285,1994494216
15293,1994494358
15294,1994494499
15293,1994494640
15281,1994494781
15284,1994494922
15302,1994495063
15294,1994495203
15292,1994495345
15289,1994495486
15281,1994495627
15286,1994495769
15289,1994495910
15278,1994496051
15282,1994496192
15290,1994496333
15287,1994496474
15328,1994496615
15311,1994496757
15300,1994496898
15300,1994497039
15302,1994497180
15283,1994497322
15285,1994497462
15319,1994497603
15319,1994497745
15301,1994497886
15303,1994498027
15296,1994498167
15298,1994498309
15296,1994498450
15310,1994498590
15316,1994498732
15295,1994498873
15300,1994499014
15302,1994499155
15275,1994499297
15296,1994499437
15310,1994499578
15327,1994499719
15300,1994499861
15289,1994500002
15272,1994500143
15294,1994500284
15272,1994500425
15279,1994500566
15335,1994500707
15302,1994500849
15320,1994500990
15293,1994501131
15294,1994501272
15297,1994501413
15283,1994501554
15298,1994501695
15296,1994501837
15295,1994501978
15292,1994502119
15304,1994502260
15286,1994502401
15292,1994502542
15292,1994502683
15306,1994502825
15285,1994502966
15305,1994503106
15301,1994503247
15283,1994503389
15275,1994503530
15318,1994503670
15339,1994503812
15301,1994503953
15285,1994504093
15291,1994504234
15280,1994504376
15291,1994504517
15295,1994504657
15298,1994504800
15298,1994504940
15286,1994505081
15294,1994505222
15296,1994505364
15280,1994505505
15295,1994505645
15284,1994505788
15288,1994505928
15276,1994506069
15294,1994506210
15290,1994506352
15281,1994506493
15287,1994506633
15301,1994506775
15285,1994506916
15287,1994507057
15282,1994507198
15284,1994507340
15298,1994507480
15303,1994507621
15291,1994507762
15294,1994507904
15283,1994508045
15290,1994508186
15290,1994508327
15285,1994508468
15276,1994508609
15289,1994508750
15289,1994508892
15290,1994509033
15304,1994509173
15291,1994509315
15295,1994509456
15303,1994509597
15292,1994509738
15287,1994509880
15280,1994510021
15295,1994510161
15303,1994510303
15294,1994510444
15284,1994510585
15281,1994510726
15296,1994510868
15294,1994511009
15285,1994511149
15270,1994511290
15305,1994511432
15283,1994511572
15303,1994511714
15295,1994511855
15281,1994511996
15299,1994512137
15296,1994512278
15290,1994512420
15285,1994512560
15287,1994512702
15316,1994512843
15309,1994512984
15291,1994513125
15289,1994513265
15285,1994513407
15289,1994513548
15293,1994513689
15290,1994513831
15332,1994513972
15304,1994514113
15297,1994514253
15283,1994514395
15288,1994514536
15290,1994514677
15303,1994514819
15321,1994514960
15298,1994515101
15283,1994515241
15289,1994515383
15294,1994515524
15285,1994515665
15286,1994515806
15332,1994515948
15298,1994516088
15293,1994516229
15280,1994516371
15288,1994516511
15282,1994516652
15287,1994516793
15316,1994516935
15313,1994517076
15306,1994517217
15286,1994517358
15286,1994517499
15289,1994517640
15300,1994517781
15317,1994517923
15324,1994518064
15291,1994518204
15286,1994518346
15288,1994518487
15288,1994518628
15290,1994518769
15284,1994518911
15313,1994519052
15300,1994519192
15282,1994519334
15298,1994519475
15285,1994519616
15280,1994519757
15304,1994519899
15330,1994520040
15297,1994520181
15301,1994520322
15281,1994520463
15302,1994520604
15289,1994520745
15283,1994520887
15274,1994521028
15295,1994521169
15298,1994521309
15278,1994521451
15287,1994521592
15287,1994521733
15293,1994521875
15299,1994522016
15271,1994522156
15281,1994522297
15272,1994522439
15284,1994522580
15279,1994522721
15287,1994522863
15291,1994523004
15302,1994523144
15287,1994523285
15285,1994523427
15289,1994523568
15287,1994523709
15298,1994523851
15291,1994523992
15280,1994524133
15302,1994524273
15292,1994524415
15292,1994524556
15293,1994524697
15282,1994524838
15283,1994524980
15288,1994525120
15281,1994525261
15293,1994525403
15270,1994525543
15286,1994525684
15290,1994525825
15283,1994525966
15297,1994526107
15287,1994526248
15295,1994526389
15279,1994526530
15276,1994526671
15288,1994526812
15292,1994526954
15297,1994527095
15287,1994527236
15288,1994527377
15297,1994527518
15293,1994527659
15286,1994527800
15274,1994527942
15290,1994528083
15281,1994528224
15282,1994528365
15294,1994528506
15276,1994528647
15281,1994528788
15311,1994528930
15287,1994529071
15330,1994529211
15318,1994529352
15304,1994529494
15313,1994529635
15291,1994529776
15286,1994529917
15302,1994530058
15348,1994530199
15299,1994530340
15309,1994530482
15291,1994530622
15278,1994530764
15317,1994530905
15306,1994531046
15329,1994531187
15321,1994531328
15294,1994531469
15292,1994531610
15314,1994531751
15297,1994531893
15301,1994532034
15311,1994532175
15302,1994532316
15308,1994532457
15275,1994532598
15303,1994532739
15298,1994532880
15277,1994533021
15295,1994533162
15336,1994533303
15305,1994533445
15295,1994533586
15286,1994533727
15290,1994533868
15280,1994534009
15311,1994534150
15336,1994534291
15311,1994534432
15299,1994534573
15299,1994534714
15286,1994534855
15294,1994534997
15287,1994535138
15330,1994535278
15313,1994535420
15304,1994535561
15291,1994535702
15291,1994535843
15279,1994535984
15275,1994536125
15315,1994536266
15303,1994536408
15293,1994536549
15278,1994536690
15294,1994536830
15309,1994536972
15290,1994537113
15292,1994537254
15297,1994537396
15303,1994537536
15293,1994537678
15283,1994537818
15301,1994537960
15288,1994538101
15288,1994538242
15282,1994538383
15281,1994538524
15283,1994538665
15297,1994538805
15301,1994538947
15290,1994539088
15292,1994539229
15283,1994539369
15285,1994539511
15294,1994539652
15292,1994539793
15282,1994539935
15274,1994540076
15291,1994540216
15298,1994540357
15283,1994540499
15289,1994540640
15288,1994540781
15287,1994540923
15278,1994541064
15288,1994541204
15287,1994541345
15281,1994541487
15285,1994541628
15280,1994541769
15288,1994541911
15289,1994542052
15288,1994542193
15290,1994542333
15295,1994542475
15295,1994542616
15291,1994542757
15289,1994542898
15289,1994543040
15289,1994543180
15296,1994543321
15288,1994543463
15297,1994543603
15286,1994543745
15287,1994543885
15288,1994544027
15291,1994544168
15283,1994544309
15282,1994544450
15275,1994544591
15290,1994544732
15296,1994544873
15286,1994545015
15276,1994545156
15293,1994545296
15319,1994545438
15307,1994545579
15296,1994545720
15289,1994545861
15293,1994546003
15297,1994546144
15282,1994546284
15318,1994546426
15328,1994546567
15296,1994546708
15296,1994546849
15291,1994546991
15289,1994547132
15297,1994547272
15300,1994547413
15314,1994547555
15293,1994547696
15291,1994547837
15281,1994547978
15294,1994548119
15292,1994548260
15288,1994548401
15331,1994548543
15298,1994548684
15290,1994548824
15292,1994548966
15280,1994549107
15288,1994549248
15304,1994549388
15318,1994549530
15301,1994549671
15291,1994549812
15295,1994549954
15291,1994550095
15282,1994550236
15299,1994550376
15317,1994550518
15309,1994550659
15296,1994550800
15280,1994550942
15298,1994551083
15288,1994551224
15290,1994551365
15310,1994551506
15313,1994551647
15302,1994551789
15290,1994551930
15281,1994552071
15284,1994552212
15297,1994552352
15306,1994552494
15329,1994552635
15312,1994552776
15277,1994552917
15295,1994553059
15295,1994553199
15294,1994553340
15288,1994553482
15290,1994553622
15288,1994553764
15295,1994553904
15281,1994554046
15292,1994554187
15289,1994554328
15292,1994554469
15279,1994554610
15288,1994554752
15285,1994554892
15296,1994555034
15288,1994555175
15279,1994555316
15283,1994555457
15282,1994555598
15304,1994555739
15289,1994555880
15296,1994556021
15313,1994556162
15287,1994556303
15272,1994556444
15284,1994556585
15282,1994556727
15283,1994556867
15292,1994557009
15296,1994557150
15298,1994557291
15282,1994557431
15283,1994557573
15279,1994557714
15280,1994557855
15298,1994557997
15278,1994558138
15298,1994558278
15301,1994558419
15285,1994558561
15280,1994558702
15291,1994558843
15281,1994558985
15251,1994559126
15251,1994559266
15281,1994559407
15279,1994559549
15300,1994559690
15302,1994559831
15309,1994559973
15279,1994560114
15297,1994560254
15314,1994560395
15285,1994560537
15296,1994560678
15290,1994560819
15286,1994560960
15295,1994561102
15281,1994561242
15289,1994561383
15288,1994561525
15309,1994561665
15334,1994561806
15284,1994561947
15266,1994562089
15252,1994562230
15281,1994562371
15297,1994562512
15301,1994562653
15320,1994562794
15297,1994562935
15294,1994563077
15280,1994563218
15285,1994563358
15276,1994563500
15292,1994563641
15325,1994563782
15302,1994563923
15295,1994564065
15310,1994564206
15283,1994564346
15300,1994564488
15288,1994564629
15322,1994564770
15299,1994564911
15283,1994565053
15285,1994565193
15288,1994565334
15295,1994565475
15280,1994565617
15304,1994565758
15319,1994565899
15293,1994566041
15292,1994566181
15285,1994566322
15298,1994566463
15303,1994566605
15298,1994566746
15324,1994566886
15302,1994567028
15290,1994567169
15290,1994567310
15284,1994567450
15296,1994567592
15297,1994567733
15320,1994567874
15297,1994568015
15290,1994568156
15290,1994568297
15291,1994568438
15312,1994568580
15301,1994568721
15326,1994568862
15306,1994569003
15305,1994569144
15301,1994569285
15294,1994569426
15281,1994569568
15293,1994569709
15293,1994569850
15297,1994569991
15291,1994570132
15288,1994570273
15302,1994570414
15295,1994570555
15295,1994570696
15289,1994570837
15291,1994570978
15306,1994571120
15297,1994571260
15286,1994571401
15290,1994571543
15287,1994571684
15292,1994571825
15287,1994571966
15290,1994572107
15288,1994572248
15294,1994572389
15286,1994572531
15296,1994572672
15281,1994572813
15287,1994572953
15302,1994573095
15286,1994573236
15277,1994573377
15298,1994573518
15295,1994573659
15294,1994573800
15295,1994573941
15294,1994574083
15280,1994574223
15282,1994574365
15286,1994574506
15289,1994574647
15294,1994574788
15291,1994574929
15283,1994575071
15292,1994575212
15312,1994575352
15284,1994575493
15284,1994575635
15292,1994575776
15280,1994575916
15300,1994576058
15287,1994576199
15285,1994576339
15284,1994576480
15292,1994576622
15283,1994576763
15290,1994576904
15289,1994577046
15286,1994577187
15292,1994577327
15288,1994577468
15296,1994577610
15286,1994577751
15282,1994577892
15342,1994578034
15300,1994578175
15288,1994578316
15302,1994578456
15279,1994578598
15295,1994578739
15304,1994578880
15318,1994579021
15304,1994579163
15291,1994579303
15279,1994579444
15288,1994579586
15287,1994579727
15282,1994579867
15318,1994580008
15304,1994580150
15314,1994580291
15282,1994580432
15287,1994580573
15290,1994580714
15285,1994580855
15305,1994580996
15307,1994581138
15304,1994581279
15287,1994581419
15291,1994581561
15288,1994581702
15289,1994581843
15286,1994581984
15322,1994582126
15295,1994582267
15291,1994582407
15299,1994582549
15295,1994582690
15290,1994582830
15309,1994582971
15307,1994583113
15276,1994583254
15300,1994583394
15308,1994583535
15286,1994583677
15297,1994583818
15289,1994583959
15318,1994584101
15304,1994584241
15277,1994584382
15295,1994584523
15298,1994584665
15301,1994584806
15283,1994584947
15309,1994585088
15310,1994585229
15304,1994585370
15284,1994585510
15293,1994585652
15280,1994585794
15297,1994585934
15292,1994586076
15285,1994586217
15294,1994586358
15282,1994586498
15279,1994586640
15287,1994586782
15291,1994586922
15294,1994587064
15289,1994587205
15285,1994587346
15284,1994587486
15301,1994587628
15278,1994587770
15289,1994587910
15283,1994588051
15284,1994588193
15288,1994588333
15281,1994588474
15297,1994588616
15294,1994588757
15268,1994588898
15289,1994589039
15297,1994589180
15283,1994589321
15286,1994589462
15289,1994589603
15288,1994589745
15284,1994589885
15286,1994590026
15302,1994590168
15277,1994590309
15278,1994590450
15281,1994590592
15283,1994590732
15281,1994590873
15271,1994591014
15273,1994591156
15261,1994591297
15292,1994591437
15286,1994591579
15285,1994591720
15300,1994591860
15291,1994592001
15288,1994592143
15287,1994592284
15290,1994592425
15289,1994592566
15345,1994592707
15279,1994592847
15285,1994592988
15269,1994593130
15292,1994593271
15293,1994593411
15298,1994593552
15283,1994593694
15288,1994593834
15291,1994593975
15294,1994594117
15327,1994594258
15296,1994594398
15295,1994594539
15294,1994594681
15286,1994594821
15290,1994594962
15278,1994595104
15307,1994595245
15312,1994595386
15304,1994595526
15298,1994595668
15286,1994595809
15293,1994595950
15298,1994596092
15287,1994596233
15329,1994596374
15294,1994596514
15283,1994596656
15288,1994596798
15286,1994596938
15283,1994597079
15291,1994597221
15334,1994597362
15316,1994597502
15298,1994597644
15296,1994597785
15290,1994597926
15295,1994598067
15286,1994598208
15316,1994598349
15299,1994598490
15305,1994598631
15291,1994598773
15280,1994598913
15283,1994599054
15293,1994599196
15321,1994599337
15318,1994599478
15300,1994599619
15288,1994599760
15296,1994599901
15297,1994600042
15285,1994600183
15310,1994600324
15326,1994600465
15301,1994600606
15311,1994600747
15289,1994600888
15277,1994601029
15285,1994601170
15287,1994601311
15326,1994601452
15289,1994601593
15299,1994601734
15292,1994601875
15289,1994602016
15290,1994602157
15292,1994602298
15281,1994602439
15295,1994602579
15293,1994602722
15288,1994602863
15298,1994603003
15312,1994603145
15294,1994603286
15287,1994603427
15300,1994603567
15298,1994603709
15296,1994603850
15283,1994603990
15288,1994604132
15291,1994604273
15289,1994604414
15293,1994604555
15294,1994604696
15293,1994604837
15295,1994604978
15297,1994605120
15287,1994605260
15293,1994605401
15287,1994605542
15289,1994605684
15278,1994605825
15288,1994605966
15281,1994606107
15286,1994606248
15282,1994606389
15292,1994606530
15292,1994606671
15285,1994606813
15287,1994606953
15285,1994607094
15295,1994607236
15300,1994607377
15294,1994607517
15281,1994607659
15283,1994607800
15274,1994607940
15284,1994608081
15290,1994608223
15297,1994608364
15294,1994608504
15286,1994608646
15290,1994608787
15296,1994608927
15288,1994609068
15286,1994609210
15289,1994609351
15293,1994609492
15289,1994609633
15294,1994609774
15284,1994609915
15294,1994610055
15291,1994610197
15289,1994610338
15291,1994610479
15320,1994610620
15295,1994610762
15303,1994610902
15279,1994611043
15297,1994611185
15287,1994611326
15291,1994611466
15321,1994611607
15315,1994611749
15294,1994611890
15290,1994612030
15293,1994612172
15273,1994612313
15287,1994612454
15323,1994612594
15312,1994612736
15294,1994612877
15300,1994613017
15290,1994613159
15292,1994613300
15292,1994613441
15324,1994613581
15302,1994613723
15292,1994613864
15280,1994614005
15293,1994614146
15284,1994614287
15288,1994614428
15305,1994614569
15326,1994614710
15298,1994614851
15283,1994614992
15284,1994615133
15288,1994615274
15280,1994615415
15295,1994615556
15335,1994615698
15309,1994615838
15295,1994615979
15294,1994616120
15280,1994616262
15296,1994616403
15298,1994616543
15307,1994616685
15303,1994616825
15293,1994616966
15292,1994617107
15285,1994617249
15281,1994617389
15300,1994617530
15322,1994617672
15285,1994617813
15298,1994617954
15290,1994618095
15307,1994618237
15297,1994618377
15290,1994618518
15290,1994618660
15281,1994618800
15318,1994618941
15291,1994619082
15291,1994619224
15299,1994619365
15295,1994619505
15291,1994619646
15301,1994619787
15285,1994619928
15285,1994620069
15271,1994620211
15330,1994620351
15301,1994620492
15290,1994620633
15290,1994620775
15297,1994620916
15290,1994621057
15259,1994621198
15280,1994621339
15288,1994621480
15286,1994621621
15268,1994621763
15279,1994621904
15274,1994622045
15302,1994622186
15289,1994622327
15300,1994622468
15276,1994622609
15278,1994622750
15276,1994622891
15292,1994623032
15284,1994623174
15283,1994623314
15292,1994623455
15302,1994623596
15294,1994623738
15286,1994623878
15296,1994624019
15297,1994624160
15295,1994624302
15286,1994624442
15289,1994624583
15288,1994624724
15290,1994624865
15287,1994625006
15294,1994625147
15291,1994625288
15285,1994625429
15282,1994625570
15298,1994625712
15288,1994625853
15295,1994625993
15299,1994626134
15297,1994626276
15279,1994626417
15295,1994626558
15284,1994626700
15334,1994626841
15306,1994626981
15294,1994627122
15298,1994627264
15279,1994627405
15279,1994627546
15291,1994627688
15315,1994627829
15311,1994627969
15285,1994628110
15290,1994628252
15293,1994628393
15287,1994628534
15289,1994628675
15302,1994628816
15312,1994628957
15289,1994629098
15283,1994629240
15285,1994629380
15270,1994629521
15296,1994629662
15309,1994629803
15324,1994629944
15292,1994630085
15284,1994630227
15296,1994630367
15273,1994630508
15291,1994630649
15296,1994630791
15326,1994630932
15302,1994631073
15290,1994631215
15293,1994631355
15293,1994631496
15296,1994631637
15284,1994631779
15307,1994631919
15300,1994632060
15297,1994632202
15294,1994632343
15287,1994632483
15288,1994632624
15279,1994632766
15318,1994632907
15308,1994633047
15299,1994633188
15283,1994633330
15290,1994633470
15291,1994633611
15289,1994633752
15306,1994633893
15322,1994634034
15298,1994634175
15301,1994634316
15293,1994634457
15300,1994634598
15292,1994634739
15281,1994634880
15291,1994635021
15286,1994635162
15277,1994635303
15289,1994635444
15299,1994635585
15294,1994635727
15297,1994635868
15283,1994636009
15289,1994636149
15282,1994636291
15290,1994636432
15286,1994636573
15277,1994636715
15285,1994636856
15291,1994636997
15287,1994637137
15297,1994637279
15286,1994637420
15276,1994637561
15290,1994637702
15278,1994637844
15291,1994637985
15289,1994638126
15278,1994638267
15297,1994638408
15288,1994638549
15283,1994638690
15291,1994638832
15289,1994638972
15295,1994639113
15275,1994639255
15291,1994639396
15290,1994639536
15298,1994639678
15289,1994639820
15295,1994639960
15282,1994640101
15288,1994640243
15290,1994640384
15288,1994640525
15292,1994640665
15286,1994640807
15288,1994640948
15290,1994641088
15294,1994641230
15283,1994641371
15294,1994641512
15294,1994641652
15281,1994641794
15278,1994641935
15305,1994642076
15279,1994642217
15295,1994642358
15277,1994642499
15290,1994642639
15289,1994642781
15289,1994642922
15315,1994643062
15322,1994643203
15292,1994643345
15277,1994643486
15281,1994643626
15285,1994643768
15288,1994643909
15294,1994644050
15315,1994644191
15302,1994644333
15283,1994644474
15284,1994644614
15295,1994644756
15278,1994644897
15299,1994645038
15323,1994645179
15291,1994645321
15297,1994645461
15275,1994645602
15285,1994645744
15285,1994645885
15275,1994646026
15332,1994646167
15305,1994646309
15294,1994646449
15279,1994646590
15298,1994646732
15299,1994646873
15288,1994647014
15311,1994647155
15314,1994647296
15302,1994647437
15294,1994647578
15289,1994647719
15282,1994647861
15288,1994648002
15313,1994648142
15315,1994648284
15277,1994648425
15291,1994648566
15285,1994648707
15298,1994648849
15288,1994648990
15308,1994649131
15331,1994649273
15291,1994649414
15292,1994649554
15295,1994649696
15311,1994649838
15288,1994649978
15285,1994650119
15315,1994650261
15292,1994650402
15284,1994650543
15295,1994650684
15290,1994650826
15293,1994650966
15283,1994651107
15295,1994651248
15299,1994651390
15304,1994651530
15282,1994651671
15291,1994651813
15302,1994651954
15287,1994652095
15287,1994652235
15287,1994652377
15287,1994652518
15282,1994652659
15286,1994652801
15280,1994652942
15298,1994653082
15291,1994653223
15299,1994653365
15299,1994653506
15275,1994653646
15299,1994653788
15291,1994653929
15281,1994654070
15287,1994654211
15286,1994654353
15289,1994654494
15293,1994654634
15286,1994654776
15282,1994654917
15290,1994655058
15304,1994655199
15281,1994655341
15288,1994655481
15303,1994655622
15302,1994655764
15282,1994655905
15289,1994656046
15296,1994656187
15291,1994656328
15291,1994656469
15292,1994656610
15299,1994656751
15283,1994656893
15281,1994657034
15299,1994657175
15302,1994657316
15287,1994657457
15291,1994657598
15291,1994657739
15283,1994657881
15286,1994658022
15290,1994658162
15276,1994658304
15292,1994658445
15291,1994658586
15298,1994658727
15261,1994658869
15294,1994659010
15293,1994659150
15304,1994659292
15344,1994659433
15297,1994659574
15291,1994659715
15293,1994659857
15299,1994659998
15306,1994660138
15308,1994660279
15313,1994660421
15261,1994660561
15287,1994660703
15292,1994660844
15286,1994660985
15293,1994661126
15296,1994661266
15310,1994661408
15308,1994661549
15296,1994661690
15292,1994661832
15288,1994661973
15301,1994662114
15275,1994662254
15302,1994662396
15320,1994662537
15299,1994662678
15303,1994662820
15284,1994662961
15291,1994663101
15278,1994663242
15306,1994663384
15334,1994663525
15303,1994663666
15300,1994663808
15278,1994663949
15289,1994664089
15293,1994664230
15287,1994664372
15333,1994664513
15301,1994664654
15294,1994664795
15284,1994664936
15297,1994665077
15286,1994665218
15278,1994665360
15326,1994665500
15299,1994665641
15301,1994665782
15284,1994665924
15287,1994666065
15282,1994666206
15286,1994666347
15319,1994666488
15305,1994666629
15286,1994666770
15275,1994666912
15292,1994667053
15293,1994667194
15290,1994667335
15290,1994667476
15289,1994667617
15297,1994667758
15280,1994667900
15286,1994668041
15304,1994668182
15289,1994668323
15286,1994668464
15285,1994668605
15292,1994668746
15294,1994668888
15289,1994669029
15301,1994669170
15278,1994669311
15275,1994669452
15286,1994669593
15288,1994669734
15293,1994669876
15298,1994670016
15282,1994670157
15277,1994670298
15284,1994670440
15289,1994670580
15287,1994670722
15279,1994670863
15294,1994671004
15284,1994671145
15291,1994671285
15298,1994671427
15291,1994671568
15283,1994671709
15299,1994671851
15291,1994671992
15285,1994672133
15283,1994672274
15294,1994672415
15289,1994672556
15293,1994672697
15294,1994672839
15270,1994672980
15290,1994673121
15288,1994673262
15272,1994673403
15272,1994673544
15295,1994673685
15290,1994673826
15284,1994673968
15287,1994674109
15288,1994674249
15282,1994674391
15274,1994674532
15292,1994674672
15288,1994674814
15287,1994674956
15283,1994675096
15297,1994675237
15282,1994675379
15298,1994675520
15318,1994675660
15307,1994675802
15300,1994675943
15280,1994676084
15288,1994676225
15269,1994676367
15279,1994676508
15309,1994676648
15319,1994676790
15296,1994676931
15285,1994677072
15297,1994677213
15290,1994677355
15284,1994677496
15298,1994677636
15320,1994677778
15297,1994677919
15286,1994678060
15280,1994678201
15293,1994678342
15279,1994678483
15296,1994678624
15308,1994678765
15301,1994678907
15277,1994679048
15286,1994679188
15292,1994679329
15297,1994679471
15285,1994679612
15319,1994679753
15303,1994679895
15300,1994680035
15291,1994680176
15297,1994680317
15287,1994680459
15292,1994680599
15320,1994680741
15315,1994680882
15313,1994681023
15291,1994681164
15283,1994681305
15282,1994681447
15292,1994681587
15321,1994681729
15315,1994681870
15300,1994682011
15319,1994682152
15289,1994682293
15284,1994682435
15285,1994682575
15323,1994682717
15286,1994682858
15288,1994682999
15275,1994683140
15283,1994683281
15282,1994683422
15260,1994683563
15290,1994683704
15277,1994683845
15294,1994683987
15283,1994684128
15300,1994684268
15301,1994684410
15291,1994684551
15292,1994684692
15296,1994684833
15283,1994684975
15283,1994685116
15291,1994685256
15297,1994685399
15293,1994685539
15305,1994685681
15298,1994685821
15281,1994685963
15285,1994686104
15297,1994686245
15286,1994686387
15285,1994686527
15274,1994686668
15299,1994686809
15283,1994686951
15284,1994687092
15286,1994687233
15292,1994687374
15285,1994687515
15293,1994687656
15294,1994687797
15298,1994687939
15298,1994688080
15287,1994688220
15293,1994688361
15290,1994688503
15287,1994688644
15281,1994688785
15288,1994688926
15278,1994689067
15304,1994689208
15288,1994689349
15301,1994689491
15271,1994689631
15266,1994689772
15283,1994689913
15305,1994690055
15309,1994690195
15292,1994690336
15295,1994690478
15301,1994690619
15298,1994690759
15290,1994690901
15293,1994691042
15287,1994691182
15293,1994691323
15320,1994691465
15322,1994691606
15312,1994691747
15314,1994691888
15325,1994692029
15301,1994692170
15278,1994692311
15300,1994692453
15290,1994692593
15296,1994692735
15296,1994692875
15321,1994693017
15299,1994693158
15290,1994693299
15283,1994693440
15295,1994693581
15291,1994693722
15298,1994693863
15339,1994694005
15297,1994694146
15293,1994694287
15280,1994694428
15289,1994694569
15290,1994694710
15288,1994694851
15326,1994694993
15304,1994695134
15314,1994695275
15291,1994695416
15286,1994695557
15294,1994695698
15292,1994695839
15304,1994695981
15304,1994696122
15297,1994696263
15287,1994696404
15294,1994696545
15290,1994696686
15299,1994696827
15307,1994696969
15301,1994697109
15290,1994697250
15298,1994697391
15281,1994697533
15285,1994697674
15289,1994697815
15289,1994697956
15326,1994698097
15290,1994698238
15304,1994698379
15288,1994698520
15294,1994698661
15295,1994698802
15273,1994698944
15311,1994699085
15298,1994699226
15298,1994699367
15294,1994699508
15300,1994699649
15278,1994699790
15285,1994699931
15299,1994700072
15282,1994700213
15299,1994700354
15288,1994700496
15286,1994700636
15289,1994700777
15294,1994700918
15294,1994701059
15290,1994701200
15283,1994701341
15281,1994701483
15296,1994701623
15289,1994701765
15288,1994701905
15286,1994702047
15286,1994702188
15297,1994702329
15289,1994702470
15282,1994702611
15295,1994702753
15287,1994702893
15285,1994703035
15291,1994703176
15284,1994703317
15284,1994703458
15296,1994703599
15293,1994703741
15291,1994703881
15271,1994704023
15281,1994704164
15285,1994704305
15298,1994704446
15301,1994704587
15291,1994704729
15287,1994704869
15284,1994705011
15292,1994705152
15288,1994705293
15301,1994705434
15291,1994705575
15296,1994705716
15298,1994705857
15282,1994705999
15302,1994706140
15293,1994706280
15292,1994706421
15292,1994706563
15292,1994706704
15295,1994706845
15293,1994706986
15281,1994707127
15283,1994707268
15288,1994707409
15289,1994707550
15288,1994707691
15290,1994707832
15283,1994707973
15284,1994708114
15329,1994708255
15299,1994708396
15304,1994708538
15299,1994708679
15302,1994708820
15295,1994708961
15293,1994709102
15315,1994709243
15304,1994709384
15291,1994709525
15291,1994709666
15296,1994709807
15292,1994709948
15288,1994710089
15293,1994710230
15310,1994710371
15292,1994710512
15276,1994710653
15288,1994710794
15288,1994710935
15268,1994711077
15302,1994711218
15325,1994711359
15294,1994711500
15285,1994711641
15288,1994711782
15288,1994711923
15301,1994712065
15294,1994712206
15336,1994712346
15302,1994712488
15294,1994712629
15287,1994712770
15298,1994712911
15290,1994713053
15294,1994713194
15324,1994713335
15298,1994713476
15284,1994713617
15289,1994713758
15295,1994713899
15281,1994714041
15297,1994714182
15328,1994714323
15301,1994714464
15290,1994714605
15281,1994714746
15295,1994714887
15288,1994715029
15281,1994715169
15309,1994715310
15323,1994715451
15285,1994715593
15283,1994715734
15290,1994715875
15293,1994716016
15301,1994716157
15285,1994716298
15295,1994716439
15299,1994716581
15284,1994716722
15303,1994716863
15284,1994717005
15283,1994717146
15282,1994717287
15298,1994717427
15294,1994717569
15297,1994717710
15297,1994717851
15291,1994717993
15284,1994718134
15291,1994718274
15288,1994718415
15292,1994718557
15287,1994718698
15277,1994718839
15283,1994718980
15269,1994719121
15303,1994719262
15294,1994719403
15285,1994719545
15303,1994719686
15271,1994719827
15289,1994719968
15295,1994720110
15287,1994720251
15282,1994720392
15273,1994720533
15316,1994720674
15292,1994720815
15278,1994720956
15268,1994721098
15293,1994721239
15302,1994721379
15307,1994721521
15306,1994721662
15308,1994721803
15295,1994721944
15260,1994722086
15298,1994722227
15292,1994722367
15278,1994722509
15298,1994722650
15277,1994722791
15283,1994722932
15301,1994723074
15300,1994723215
15294,1994723355
15291,1994723496
15299,1994723638
15294,1994723779
15298,1994723920
15288,1994724061
15294,1994724202
15290,1994724343
15326,1994724483
15319,1994724625
15294,1994724766
15296,1994724907
15274,1994725049
15289,1994725190
15295,1994725330
15292,1994725471
15324,1994725613
15298,1994725754
15294,1994725895
15296,1994726037
15289,1994726178
15288,1994726318
15293,1994726459
15327,1994726601
15307,1994726741
15287,1994726882
15300,1994727024
15285,1994727165
15297,1994727305
15282,1994727446
15330,1994727588
15301,1994727729
15288,1994727870
15292,1994728011
15291,1994728153
15292,1994728293
15294,1994728434
15315,1994728576
15307,1994728717
15288,1994728858
15288,1994728998
15294,1994729141
15291,1994729281
15288,1994729422
15310,1994729564
15313,1994729704
15304,1994729845
15289,1994729986
15286,1994730128
15281,1994730268
15296,1994730409
15305,1994730551
15327,1994730692
15294,1994730833
15291,1994730974
15290,1994731116
15287,1994731256
15291,1994731397
15306,1994731539
15325,1994731679
15286,1994731820
15290,1994731961
15285,1994732103
15291,1994732244
15285,1994732384
15288,1994732525
15290,1994732667
15282,1994732808
15292,1994732949
15284,1994733091
15269,1994733231
15281,1994733372
15291,1994733513
15287,1994733654
15277,1994733796
15294,1994733936
15285,1994734078
15303,1994734219
15281,1994734360
15303,1994734500
15293,1994734642
15287,1994734783
15283,1994734924
15276,1994735066
15277,1994735207
15290,1994735348
15296,1994735488
15283,1994735630
15284,1994735771
15284,1994735912
15282,1994736054
15282,1994736195
15293,1994736335
15293,1994736476
15290,1994736618
15298,1994736759
15281,1994736900
15291,1994737041
15288,1994737183
15286,1994737323
15294,1994737464
15296,1994737606
15287,1994737747
15294,1994737888
15292,1994738028
15277,1994738170
15293,1994738311
15294,1994738452
15283,1994738593
15295,1994738735
15285,1994738875
15302,1994739016
15282,1994739158
15287,1994739299
15287,1994739440
15292,1994739581
15297,1994739722
15289,1994739863
15292,1994740003
15285,1994740145
15284,1994740286
15291,1994740427
15283,1994740568
15307,1994740710
15326,1994740851
15292,1994740991
15300,1994741133
15275,1994741274
15309,1994741415
15276,1994741556
15281,1994741697
15317,1994741838
15298,1994741978
15291,1994742120
15297,1994742261
15285,1994742402
15294,1994742542
15285,1994742684
15354,1994742825
15317,1994742965
15292,1994743107
15293,1994743248
15289,1994743389
15285,1994743529
15275,1994743671
15306,1994743812
15319,1994743953
15298,1994744095
15295,1994744236
15290,1994744376
15286,1994744517
15288,1994744659
15300,1994744800
15326,1994744941
15292,1994745083
15294,1994745224
15296,1994745364
15296,1994745505
15288,1994745647
15292,1994745788
15323,1994745929
15303,1994746070
15295,1994746212
15295,1994746352
15290,1994746493
15291,1994746635
15295,1994746776
15329,1994746917
15308,1994747057
15300,1994747199
15284,1994747340
15287,1994747481
15288,1994747622
15290,1994747763
15316,1994747904
15288,1994748045
15280,1994748186
15288,1994748327
15313,1994748468
15287,1994748609
15266,1994748750
15301,1994748891
15291,1994749032
15277,1994749174
15315,1994749314
15283,1994749455
15318,1994749597
15270,1994749737
15294,1994749878
15302,1994750019
15286,1994750161
15293,1994750302
15287,1994750442
15277,1994750583
15290,1994750726
15279,1994750867
15298,1994751007
15296,1994751149
15290,1994751290
15283,1994751430
15286,1994751571
15287,1994751713
15298,1994751854
15286,1994751995
15292,1994752137
15284,1994752278
15291,1994752418
15288,1994752559
15286,1994752701
15288,1994752841
15293,1994752982
15293,1994753124
15298,1994753265
15287,1994753405
15291,1994753546
15277,1994753689
15283,1994753829
15285,1994753970
15283,1994754112
15293,1994754253
15295,1994754393
15286,1994754534
15294,1994754676
15282,1994754816
15292,1994754957
15286,1994755098
15281,1994755240
15283,1994755380
15295,1994755521
15283,1994755663
15288,1994755804
15286,1994755945
15308,1994756086
15291,1994756228
15292,1994756368
15296,1994756509
15289,1994756651
15303,1994756792
15289,1994756933
15321,1994757074
15303,1994757215
15296,1994757356
15291,1994757497
15287,1994757638
15276,1994757779
15290,1994757920
15306,1994758061
15325,1994758203
15293,1994758343
15287,1994758484
15289,1994758626
15306,1994758766
15295,1994758907
15307,1994759048
15327,1994759190
15299,1994759331
15295,1994759472
15286,1994759613
15300,1994759754
15272,1994759894
15294,1994760035
15332,1994760177
15301,1994760318
15299,1994760459
15290,1994760600
15295,1994760741
15284,1994760882
15289,1994761023
15331,1994761164
15294,1994761305
15281,1994761446
15284,1994761587
15288,1994761728
15287,1994761869
15297,1994762010
15322,1994762151
15301,1994762292
15296,1994762433
15291,1994762574
15291,1994762715
15288,1994762856
15283,1994762997
15311,1994763139
15318,1994763280
15291,1994763420
15289,1994763561
15285,1994763702
15300,1994763843
15299,1994763984
15309,1994764125
15321,1994764267
15292,1994764407
15298,1994764549
15297,1994764690
15294,1994764831
15284,1994764972
15282,1994765112
15291,1994765254
15294,1994765395
15292,1994765536
15277,1994765677
15296,1994765818
15288,1994765959
15285,1994766100
15295,1994766241
15280,1994766382
15296,1994766523
15286,1994766664
15289,1994766806
15275,1994766947
15295,1994767088
15283,1994767229
15310,1994767370
15290,1994767511
15300,1994767653
15295,1994767793
15291,1994767934
15280,1994768075
15302,1994768217
15283,1994768358
15285,1994768498
15299,1994768639
15283,1994768781
15294,1994768922
15286,1994769063
15283,1994769204
15290,1994769345
15297,1994769486
15295,1994769626
15299,1994769768
15288,1994769909
15276,1994770049
15284,1994770191
15294,1994770332
15286,1994770473
15280,1994770613
15294,1994770755
15287,1994770896
15286,1994771037
15293,1994771178
15294,1994771319
15290,1994771460
15300,1994771601
15289,1994771743
15285,1994771884
15288,1994772025
15304,1994772166
15274,1994772307
15304,1994772448
15282,1994772589
15306,1994772731
15302,1994772872
15342,1994773013
15272,1994773154
15308,1994773295
15333,1994773436
15313,1994773576
15303,1994773719
15293,1994773859
15303,1994774000
15292,1994774141
15300,1994774283
15315,1994774424
15311,1994774564
15290,1994774706
15289,1994774846
15308,1994774987
15291,1994775128
15293,1994775270
15328,1994775411
15302,1994775551
15288,1994775693
15291,1994775834
15288,1994775975
15288,1994776116
15289,1994776258
15330,1994776399
15302,1994776539
15283,1994776681
15275,1994776822
15279,1994776963
15290,1994777104
15291,1994777246
15315,1994777387
15316,1994777527
15295,1994777668
15309,1994777810
15293,1994777951
15275,1994778092
15293,1994778233
15304,1994778374
15325,1994778515
15301,1994778655
15287,1994778798
15294,1994778939
15284,1994779079
15282,1994779221
15288,1994779362
15338,1994779503
15304,1994779643
15291,1994779785
15282,1994779926
15291,1994780066
15289,1994780208
15277,1994780349
15352,1994780490
15279,1994780631
15299,1994780773
15277,1994780914
15295,1994781054
15280,1994781196
15291,1994781337
15300,1994781478
15291,1994781618
15286,1994781760
15292,1994781901
15288,1994782042
15234,1994782183
15285,1994782324
15265,1994782465
15307,1994782605
15296,1994782747
15275,1994782888
15306,1994783028
15304,1994783169
15289,1994783311
15279,1994783452
15267,1994783592
15301,1994783735
15274,1994783875
15298,1994784016
15297,1994784157
15290,1994784299
15296,1994784440
15296,1994784580
15286,1994784722
15294,1994784863
15285,1994785004
15306,1994785145
15305,1994785287
15288,1994785428
15292,1994785568
15290,1994785710
15297,1994785851
15295,1994785992
15277,1994786133
15284,1994786275
15299,1994786416
15289,1994786556
15297,1994786698
15303,1994786839
15291,1994786980
15294,1994787121
15299,1994787262
15293,1994787403
15305,1994787544
15293,1994787685
15284,1994787827
15295,1994787967
15292,1994788108
15284,1994788250
15292,1994788391
15294,1994788531
15295,1994788673
15283,1994788814
15288,1994788955
15295,1994789096
15284,1994789238
15280,1994789379
15290,1994789519
15332,1994789660
15303,1994789802
15295,1994789943
15307,1994790084
15304,1994790226
15288,1994790367
15292,1994790507
15328,1994790648
15304,1994790790
15300,1994790930
15290,1994791071
15288,1994791212
15293,1994791354
15298,1994791494
15331,1994791635
15300,1994791777
15292,1994791918
15284,1994792059
15300,1994792200
15290,1994792342
15292,1994792482
15290,1994792623
15314,1994792764
15279,1994792905
15283,1994793046
15292,1994793187
15294,1994793328
15293,1994793469
15304,1994793610
15330,1994793752
15303,1994793893
15302,1994794034
15295,1994794175
15292,1994794316
15285,1994794457
15301,1994794598
15324,1994794740
15316,1994794881
15292,1994795022
15287,1994795163
15287,1994795305
15293,1994795445
15294,1994795586
15319,1994795728
15314,1994795869
15296,1994796010
15286,1994796151
15302,1994796292
15290,1994796433
15288,1994796574
15313,1994796715
15305,1994796857
15287,1994796997
15295,1994797139
15288,1994797281
15295,1994797421
15296,1994797562
15294,1994797703
15289,1994797845
15283,1994797986
15285,1994798127
15276,1994798268
15289,1994798409
15294,1994798550
15291,1994798691
15283,1994798833
15284,1994798974
15296,1994799115
15294,1994799256
15284,1994799397
15288,1994799538
15288,1994799679
15287,1994799821
15294,1994799962
15289,1994800103
15285,1994800244
15287,1994800385
15287,1994800526
15285,1994800666
15282,1994800809
15294,1994800949
15295,1994801090
15300,1994801231
15285,1994801373
15291,1994801514
15292,1994801654
15284,1994801796
15287,1994801936
15286,1994802077
15306,1994802218
15295,1994802360
15282,1994802501
15280,1994802641
15290,1994802784
15288,1994802924
15283,1994803065
15294,1994803206
15307,1994803348
15291,1994803489
15291,1994803629
15287,1994803771
15299,1994803912
15297,1994804053
15305,1994804194
15267,1994804336
15287,1994804477
15287,1994804617
15291,1994804759
15273,1994804900
15281,1994805041
15290,1994805182
15281,1994805323
15295,1994805464
15290,1994805605
15291,1994805746
15327,1994805888
15306,1994806029
15295,1994806169
15294,1994806311
15293,1994806452
15303,1994806592
15292,1994806734
15318,1994806876
15319,1994807017
15290,1994807157
15293,1994807299
15293,1994807440
15292,1994807580
15289,1994807722
15319,1994807864
15332,1994808004
15296,1994808145
15295,1994808287
15276,1994808428
15292,1994808568
15300,1994808710
15297,1994808851
15336,1994808992
15303,1994809133
15286,1994809274
15288,1994809416
15287,1994809556
15282,1994809698
15298,1994809839
15314,1994809980
15308,1994810121
15287,1994810261
15281,1994810403
15284,1994810544
15299,1994810685
15298,1994810827
15309,1994810968
15297,1994811109
15303,1994811249
15289,1994811391
15293,1994811532
15291,1994811673
15287,1994811815
15308,1994811956
15309,1994812097
15304,1994812237
15293,1994812379
15295,1994812520
15294,1994812661
15260,1994812803
15295,1994812944
15326,1994813085
15301,1994813225
15297,1994813367
15279,1994813508
15278,1994813649
15291,1994813790
15307,1994813932
15280,1994814072
15296,1994814213
15293,1994814355
15292,1994814495
15290,1994814636
15307,1994814777
15293,1994814919
15294,1994815060
15294,1994815201
15290,1994815342
15290,1994815483
15290,1994815624
15286,1994815765
15281,1994815907
15292,1994816048
15298,1994816189
15298,1994816330
15306,1994816471
15294,1994816612
15293,1994816753
15294,1994816895
15310,1994817036
15288,1994817177
15304,1994817318
15280,1994817459
15278,1994817600
15290,1994817741
15294,1994817883
15296,1994818024
15292,1994818164
15285,1994818305
15291,1994818447
15296,1994818588
15275,1994818729
15295,1994818871
15296,1994819011
15307,1994819152
15292,1994819293
15288,1994819435
15300,1994819575
15297,1994819717
15279,1994819858
15301,1994819999
15293,1994820140
15281,1994820281
15303,1994820423
15292,1994820563
15298,1994820704
15312,1994820845
15287,1994820986
15272,1994821127
15303,1994821268
15271,1994821410
15301,1994821551
15291,1994821692
15298,1994821833
15293,1994821974
15295,1994822115
15280,1994822256
15274,1994822398
15289,1994822539
15288,1994822680
15252,1994822821
15302,1994822962
15298,1994823103
15339,1994823244
15287,1994823385
15296,1994823526
15284,1994823667
15297,1994823808
15292,1994823950
15283,1994824091
15324,1994824231
15298,1994824373
15296,1994824514
15300,1994824655
15280,1994824796
15291,1994824938
15292,1994825079
15325,1994825219
15318,1994825361
15286,1994825502
15294,1994825643
15292,1994825783
15284,1994825925
15288,1994826066
15312,1994826206
15316,1994826348
15299,1994826489
15295,1994826630
15292,1994826771
15294,1994826913
15292,1994827054
15295,1994827194
15337,1994827335
15320,1994827477
15302,1994827617
15291,1994827758
15284,1994827900
15287,1994828041
15297,1994828181
15325,1994828322
15306,1994828464
15305,1994828604
15284,1994828746
15290,1994828887
15299,1994829028
15321,1994829169
15332,1994829310
15287,1994829451
15310,1994829592
15306,1994829734
15276,1994829875
15298,1994830016
15287,1994830157
15285,1994830298
15306,1994830440
15306,1994830580
15290,1994830722
15269,1994830863
15300,1994831004
15292,1994831145
15300,1994831286
15290,1994831428
15295,1994831568
15297,1994831710
15290,1994831851
15308,1994831992
15287,1994832133
15296,1994832274
15286,1994832415
15291,1994832556
15294,1994832697
15294,1994832838
15304,1994832980
15302,1994833121
15294,1994833261
15294,1994833403
15296,1994833544
15281,1994833685
15285,1994833826
15304,1994833967
15291,1994834108
15293,1994834249
15292,1994834391
15288,1994834531
15286,1994834673
15301,1994834813
15288,1994834955
15300,1994835096
15284,1994835237
15292,1994835378
15289,1994835519
15284,1994835660
15281,1994835801
15285,1994835943
15295,1994836084
15296,1994836225
15287,1994836366
15293,1994836507
15293,1994836648
15291,1994836788
15290,1994836930
15287,1994837071
15291,1994837212
15290,1994837352
15290,1994837494
15293,1994837635
15287,1994837776
15283,1994837918
15277,1994838059
15285,1994838199
15297,1994838340
15335,1994838482
15296,1994838623
15305,1994838764
15292,1994838906
15290,1994839047
15289,1994839187
15273,1994839328
15318,1994839470
15309,1994839611
15282,1994839752
15298,1994839894
15296,1994840035
15287,1994840176
15286,1994840316
15319,1994840458
15323,1994840599
15293,1994840740
15289,1994840881
15287,1994841023
15306,1994841163
15297,1994841304
15307,1994841446
15317,1994841586
15298,1994841728
15308,1994841868
15299,1994842010
15286,1994842152
15289,1994842292
15290,1994842434
15328,1994842575
15290,1994842716
15301,1994842857
15287,1994842999
15292,1994843140
15290,1994843280
15288,1994843422
15324,1994843563
15291,1994843704
15296,1994843845
15296,1994843987
15296,1994844128
15293,1994844268
15310,1994844410
15327,1994844551
15317,1994844692
15290,1994844833
15300,1994844975
15288,1994845116
15292,1994845256
15286,1994845397
15318,1994845539
15321,1994845680
15302,1994845821
15279,1994845962
15293,1994846103
15296,1994846244
15302,1994846385
15284,1994846527
15288,1994846668
15286,1994846809
15283,1994846951
15290,1994847092
15295,1994847232
15288,1994847373
15286,1994847515
15287,1994847656
15291,1994847797
15294,1994847939
15304,1994848080
15280,1994848220
15287,1994848361
15289,1994848503
15294,1994848644
15289,1994848785
15294,1994848927
15301,1994849068
15291,1994849208
15286,1994849349
15297,1994849491
15286,1994849632
15275,1994849773
15291,1994849914
15279,1994850056
15296,1994850196
15295,1994850337
15290,1994850479
15307,1994850619
15296,1994850760
15274,1994850901
15294,1994851043
15293,1994851184
15288,1994851325
15295,1994851466
15273,1994851607
15295,1994851748
15293,1994851889
15293,1994852031
15292,1994852172
15294,1994852312
15297,1994852454
15298,1994852595
15283,1994852736
15293,1994852877
15286,1994853019
15288,1994853159
15303,1994853300
15294,1994853442
15299,1994853583
15287,1994853724
15296,1994853865
15288,1994854007
15286,1994854147
15283,1994854288
15285,1994854429
15301,1994854570
15302,1994854712
15319,1994854853
15284,1994854994
15292,1994855135
15283,1994855276
15294,1994855417
15288,1994855558
15305,1994855700
15306,1994855840
15305,1994855982
15298,1994856123
15305,1994856264
15289,1994856404
15284,1994856546
15300,1994856687
15329,1994856827
15297,1994856969
15281,1994857110
15298,1994857251
15289,1994857392
15302,1994857533
15297,1994857674
15324,1994857815
15296,1994857956
15299,1994858097
15298,1994858238
15285,1994858379
15291,1994858521
15301,1994858661
15316,1994858803
15301,1994858944
15309,1994859085
15289,1994859226
15291,1994859367
15287,1994859508
15293,1994859649
15310,1994859790
15319,1994859931
15288,1994860073
15292,1994860214
15288,1994860354
15283,1994860496
15292,1994860637
15310,1994860778
15313,1994860919
15301,1994861060
15291,1994861201
15287,1994861342
15286,1994861484
15288,1994861625
15305,1994861766
15332,1994861906
15310,1994862048
15298,1994862189
15292,1994862330
15297,1994862472
15310,1994862613
15292,1994862754
15291,1994862894
15291,1994863036
15282,1994863177
15286,1994863318
15294,1994863459
15296,1994863600
15282,1994863741
15288,1994863882
15278,1994864023
15296,1994864164
15291,1994864305
15292,1994864446
15298,1994864587
15299,1994864729
15284,1994864869
15283,1994865011
15291,1994865152
15288,1994865293
15296,1994865433
15288,1994865575
15280,1994865716
15286,1994865857
15287,1994865999
15292,1994866140
15305,1994866281
15301,1994866421
15291,1994866563
15285,1994866704
15298,1994866845
15284,1994866987
15289,1994867128
15291,1994867269
15296,1994867409
15289,1994867551
15282,1994867692
15291,1994867833
15285,1994867974
15287,1994868116
15300,1994868256
15299,1994868397
15332,1994868539
15281,1994868680
15286,1994868821
15305,1994868961
15286,1994869103
15276,1994869244
15260,1994869385
15308,1994869526
15296,1994869667
15290,1994869808
15290,1994869949
15287,1994870091
15313,1994870232
15287,1994870372
15299,1994870514
15299,1994870655
15275,1994870796
15308,1994870937
15330,1994871079
15299,1994871220
15286,1994871361
15296,1994871502
15282,1994871643
15300,1994871784
15299,1994871925
15321,1994872067
15304,1994872208
15314,1994872349
15296,1994872490
15293,1994872631
15298,1994872772
15291,1994872913
15342,1994873055
15306,1994873196
15310,1994873336
15299,1994873477
15288,1994873619
15272,1994873760
15312,1994873901
15319,1994874043
15312,1994874183
15311,1994874324
15293,1994874465
15289,1994874607
15305,1994874748
15288,1994874889
15302,1994875030
15322,1994875171
15285,1994875312
15293,1994875453
15299,1994875595
15285,1994875736
15284,1994875877
15294,1994876018
15321,1994876159
15299,1994876300
15291,1994876441
15291,1994876583
15300,1994876724
15285,1994876865
15294,1994877006
15334,1994877147
15301,1994877288
15314,1994877429
15295,1994877570
15288,1994877712
15289,1994877852
15292,1994877993
15332,1994878135
15323,1994878276
15306,1994878416
15291,1994878558
15279,1994878699
15300,1994878840
15301,1994878981
15282,1994879122
15302,1994879263
15296,1994879404
15243,1994879546
15296,1994879686
15282,1994879827
15302,1994879968
15301,1994880110
15283,1994880250
15283,1994880391
15280,1994880533
15285,1994880674
15304,1994880814
15284,1994880955
15294,1994881097
15285,1994881238
15294,1994881378
15290,1994881519
15302,1994881661
15292,1994881802
15294,1994881943
15297,1994882085
15300,1994882225
15290,1994882366
15295,1994882507
15289,1994882649
15297,1994882790
15288,1994882931
15293,1994883072
15291,1994883213
15294,1994883354
15280,1994883495
15295,1994883636
15286,1994883778
15282,1994883918
15295,1994884060
15298,1994884201
15298,1994884342
15287,1994884483
15280,1994884624
15296,1994884766
15290,1994884906
15294,1994885048
15304,1994885189
15287,1994885330
15288,1994885471
15299,1994885612
15283,1994885754
15304,1994885894
15292,1994886036
15288,1994886177
15293,1994886318
15293,1994886458
15298,1994886600
15288,1994886741
15294,1994886882
15291,1994887023
15292,1994887165
15326,1994887305
15303,1994887446
15302,1994887588
15299,1994887728
15295,1994887869
15298,1994888010
15300,1994888151
15320,1994888292
15310,1994888433
15300,1994888574
15295,1994888715
15279,1994888857
15290,1994888997
15279,1994889139
15297,1994889280
15322,1994889421
15302,1994889562
15296,1994889703
15290,1994889844
15286,1994889985
15298,1994890127
15301,1994890267
15312,1994890408
15309,1994890549
15306,1994890690
15291,1994890831
15292,1994890972
15282,1994891113
15284,1994891254
15330,1994891395
15297,1994891536
15290,1994891677
15285,1994891818
15283,1994891959
15295,1994892100
15297,1994892241
15324,1994892382
15317,1994892523
15293,1994892664
15304,1994892806
15303,1994892946
15295,1994893088
15303,1994893229
15324,1994893370
15315,1994893511
15297,1994893652
15305,1994893794
15292,1994893934
15296,1994894076
15301,1994894217
15319,1994894358
15315,1994894499
15300,1994894640
15307,1994894782
15283,1994894923
15294,1994895064
15290,1994895205
15286,1994895346
15284,1994895486
15287,1994895628
15303,1994895769
15288,1994895910
15296,1994896051
15290,1994896193
15289,1994896333
15291,1994896474
15299,1994896616
15299,1994896756
15302,1994896897
15285,1994897038
15296,1994897179
15296,1994897320
15290,1994897461
15297,1994897603
15270,1994897744
15288,1994897885
15287,1994898026
15292,1994898167
15299,1994898308
15287,1994898449
15296,1994898591
15299,1994898731
15286,1994898872
15293,1994899013
15298,1994899155
15299,1994899295
15289,1994899436
15289,1994899577
15288,1994899718
15293,1994899860
15285,1994900001
15302,1994900142
15291,1994900284
15286,1994900424
15290,1994900565
15287,1994900707
15296,1994900847
15292,1994900988
15288,1994901130
15285,1994901271
15311,1994901412
15296,1994901553
15300,1994901695
15288,1994901835
15287,1994901976
15291,1994902118
15288,1994902259
15298,1994902400
15298,1994902540
15298,1994902682
15288,1994902823
15296,1994902963
15293,1994903105
15293,1994903246
15306,1994903387
15303,1994903527
15329,1994903670
15295,1994903811
15295,1994903951
15291,1994904092
15297,1994904234
15283,1994904375
15310,1994904515
15310,1994904657
15296,1994904798
15302,1994904939
15282,1994905080
15296,1994905221
15294,1994905362
15285,1994905503
15330,1994905644
15299,1994905786
15288,1994905926
15299,1994906067
15270,1994906209
15304,1994906350
15293,1994906491
15316,1994906632
15311,1994906773
15291,1994906914
15290,1994907054
15294,1994907196
15304,1994907337
15294,1994907478
15322,1994907619
15311,1994907761
15284,1994907902
15294,1994908042
15286,1994908184
15292,1994908325
15286,1994908466
15283,1994908607
15323,1994908749
15297,1994908889
15301,1994909030
15285,1994909172
15313,1994909313
15258,1994909453
15293,1994909594
15302,1994909736
15297,1994909877
15275,1994910017
15321,1994910159
15300,1994910301
15285,1994910441
15286,1994910582
15353,1994910724
15310,1994910865
15287,1994911006
15281,1994911148
15302,1994911288
15284,1994911429
15290,1994911571
15289,1994911713
15276,1994911854
15281,1994911995
15294,1994912136
15299,1994912277
15295,1994912418
15246,1994912559
15283,1994912701
15288,1994912842
15292,1994912983
15285,1994913124
15285,1994913265
15286,1994913406
15292,1994913547
15290,1994913688
15306,1994913829
15289,1994913969
15290,1994914110
15288,1994914252
15296,1994914393
15309,1994914533
15283,1994914675
15288,1994914815
15288,1994914956
15290,1994915097
15298,1994915239
15282,1994915380
15293,1994915520
15298,1994915662
15302,1994915804
15284,1994915944
15293,1994916085
15292,1994916227
15279,1994916368
15289,1994916508
15294,1994916650
15293,1994916791
15291,1994916931
15284,1994917072
15292,1994917214
15294,1994917355
15288,1994917495
15292,1994917636
15308,1994917778
15293,1994917918
15288,1994918059
15295,1994918201
15283,1994918342
15291,1994918482
15282,1994918623
15313,1994918765
15284,1994918905
15262,1994919046
15310,1994919188
15312,1994919329
15291,1994919469
15295,1994919610
15294,1994919752
15319,1994919892
15297,1994920033
15272,1994920175
15286,1994920316
15295,1994920456
15293,1994920597
15284,1994920740
15326,1994920880
15302,1994921021
15304,1994921163
15292,1994921304
15302,1994921445
15288,1994921585
15293,1994921727
15324,1994921868
15311,1994922009
15286,1994922149
15300,1994922291
15290,1994922432
15296,1994922572
15303,1994922714
15300,1994922855
15313,1994922996
15296,1994923137
15305,1994923279
15284,1994923420
15282,1994923561
15298,1994923703
15303,1994923844
15324,1994923984
15303,1994924125
15301,1994924267
15301,1994924408
15287,1994924548
15272,1994924691
15290,1994924832
15320,1994924972
15296,1994925113
15297,1994925255
15297,1994925396
15282,1994925537
15281,1994925679
15289,1994925820
15316,1994925960
15310,1994926101
15291,1994926243
15302,1994926384
15297,1994926525
15275,1994926666
15303,1994926807
15311,1994926948
15306,1994927089
15303,1994927231
15286,1994927372
15279,1994927512
15294,1994927653
15295,1994927795
15294,1994927935
15290,1994928076
15287,1994928218
15293,1994928359
15293,1994928499
15296,1994928640
15307,1994928782
15286,1994928922
15289,1994929063
15285,1994929205
15283,1994929346
15299,1994929487
15300,1994929627
15302,1994929770
15283,1994929910
15291,1994930051
15294,1994930193
15285,1994930334
15300,1994930475
15285,1994930616
15287,1994930758
15287,1994930898
15287,1994931039
15298,1994931180
15288,1994931322
15290,1994931462
15300,1994931603
15285,1994931744
15296,1994931885
15282,1994932026
15298,1994932167
15295,1994932308
15298,1994932449
15278,1994932590
15295,1994932731
15291,1994932872
15294,1994933013
15298,1994933154
15292,1994933295
15304,1994933436
15274,1994933577
15294,1994933719
15298,1994933860
15290,1994934001
15291,1994934141
15291,1994934283
15283,1994934424
15287,1994934565
15289,1994934707
15289,1994934848
15288,1994934988
15298,1994935129
15299,1994935271
15287,1994935412
15287,1994935553
15284,1994935694
15298,1994935836
15298,1994935977
15330,1994936118
15308,1994936260
15299,1994936400
15286,1994936541
15287,1994936682
15299,1994936824
15289,1994936965
15313,1994937106
15327,1994937247
15294,1994937388
15304,1994937529
15288,1994937670
15289,1994937812
15295,1994937953
15305,1994938094
15325,1994938235
15308,1994938376
15285,1994938517
15287,1994938657
15288,1994938799
15300,1994938940
15296,1994939081
15322,1994939222
15312,1994939363
15298,1994939504
15290,1994939645
15305,1994939786
15278,1994939927
15298,1994940068
15333,1994940209
15309,1994940350
15313,1994940491
15297,1994940632
15290,1994940773
15286,1994940914
15277,1994941055
15325,1994941195
15302,1994941337
15274,1994941478
15275,1994941619
15301,1994941760
15304,1994941901
15259,1994942042
15331,1994942182
15311,1994942324
15297,1994942465
15297,1994942606
15294,1994942748
15290,1994942889
15291,1994943030
15274,1994943170
15311,1994943312
15280,1994943453
15280,1994943594
15295,1994943735
15278,1994943876
15296,1994944017
15289,1994944158
15270,1994944299
15297,1994944440
15271,1994944581
15310,1994944722
15284,1994944863
15281,1994945004
15288,1994945145
15287,1994945286
15299,1994945427
15276,1994945568
15290,1994945709
15288,1994945851
15291,1994945992
15284,1994946133
15296,1994946274
15274,1994946415
15284,1994946556
15280,1994946697
15288,1994946839
15289,1994946980
15284,1994947120
15287,1994947262
15291,1994947403
15277,1994947544
15292,1994947685
15292,1994947827
15295,1994947968
15296,1994948108
15301,1994948250
15291,1994948391
15297,1994948532
15292,1994948673
15297,1994948815
15288,1994948956
15283,1994949097
15292,1994949238
15291,1994949379
15289,1994949520
15297,1994949660
15294,1994949802
15299,1994949943
15292,1994950084
15286,1994950225
15294,1994950366
15281,1994950507
15288,1994950648
15298,1994950789
15278,1994950930
15294,1994951071
15279,1994951212
15296,1994951353
15291,1994951494
15300,1994951635
15281,1994951777
15312,1994951918
15274,1994952059
15297,1994952200
15297,1994952341
15326,1994952482
15304,1994952623
15281,1994952765
15285,1994952906
15297,1994953047
15291,1994953187
15277,1994953329
15322,1994953470
15321,1994953611
15293,1994953752
15282,1994953894
15300,1994954035
15286,1994954175
15300,1994954317
15327,1994954458
15307,1994954598
15283,1994954740
15294,1994954882
15284,1994955022
15292,1994955163
15295,1994955305
15326,1994955446
15312,1994955586
15293,1994955727
15295,1994955869
15295,1994956010
15291,1994956151
15294,1994956293
15305,1994956433
15316,1994956574
15307,1994956715
15289,1994956857
15295,1994956998
15296,1994957139
15296,1994957281
15289,1994957421
15323,1994957562
15299,1994957703
15295,1994957845
15293,1994957986
15290,1994958127
15290,1994958268
15295,1994958409
15315,1994958550
15307,1994958690
15288,1994958832
15278,1994958973
15278,1994959114
15285,1994959254
15281,1994959396
15304,1994959537
15305,1994959678
15287,1994959820
15288,1994959961
15281,1994960101
15289,1994960242
15285,1994960384
15288,1994960525
15295,1994960665
15298,1994960808
15289,1994960949
15291,1994961089
15293,1994961230
15295,1994961372
15275,1994961513
15282,1994961653
15297,1994961795
15284,1994961936
15298,1994962077
15292,1994962217
15279,1994962359
15286,1994962500
15285,1994962641
15280,1994962782
15295,1994962924
15290,1994963064
15296,1994963205
15292,1994963347
15293,1994963488
15284,1994963628
15293,1994963770
15283,1994963911
15285,1994964052
15290,1994964193
15297,1994964335
15304,1994964475
15288,1994964616
15278,1994964757
15307,1994964899
15284,1994965040
15295,1994965181
15290,1994965322
15307,1994965463
15311,1994965604
15309,1994965745
15273,1994965887
15294,1994966028
15297,1994966169
15303,1994966310
15284,1994966451
15278,1994966592
15283,1994966733
15301,1994966874
15286,1994967015
15285,1994967156
15301,1994967297
15303,1994967438
15277,1994967579
15296,1994967720
15294,1994967862
15300,1994968003
15315,1994968143
15296,1994968284
15292,1994968426
15300,1994968567
15302,1994968708
15318,1994968850
15266,1994968990
15300,1994969131
15295,1994969272
15303,1994969414
15312,1994969554
15324,1994969696
15297,1994969837
15312,1994969978
15291,1994970119
15310,1994970260
15305,1994970402
15297,1994970542
15323,1994970684
15317,1994970825
15297,1994970966
15312,1994971107
15290,1994971248
15303,1994971390
15277,1994971530
15284,1994971672
15349,1994971813
15307,1994971954
15289,1994972095
15288,1994972236
15292,1994972377
15300,1994972518
15292,1994972659
15330,1994972800
15288,1994972942
15291,1994973083
15273,1994973223
15293,1994973365
15317,1994973506
15284,1994973646
15335,1994973788
15294,1994973930
15294,1994974070
15298,1994974211
15292,1994974353
15287,1994974494
15280,1994974634
15330,1994974776
15311,1994974917
15304,1994975058
15289,1994975199
15298,1994975341
15289,1994975482
15288,1994975622
15309,1994975764
15311,1994975906
15302,1994976046
15294,1994976187
15300,1994976328
15289,1994976469
15291,1994976610
15297,1994976751
15292,1994976893
15288,1994977034
15287,1994977175
15283,1994977315
15286,1994977457
15293,1994977598
15281,1994977739
15297,1994977881
15300,1994978022
15284,1994978162
15278,1994978303
15298,1994978445
15279,1994978586
15302,1994978727
15291,1994978868
15298,1994979010
15288,1994979150
15305,1994979291
15272,1994979433
15288,1994979574
15290,1994979715
15294,1994979857
15284,1994979998
15298,1994980138
15290,1994980279
15298,1994980421
15289,1994980562
15289,1994980703
15289,1994980844
15292,1994980985
15278,1994981126
15284,1994981267
15275,1994981409
15288,1994981549
15289,1994981691
15295,1994981831
15291,1994981973
15295,1994982114
15294,1994982255
15278,1994982396
15312,1994982537
15283,1994982678
15286,1994982819
15305,1994982961
15303,1994983102
15282,1994983243
15293,1994983384
15298,1994983525
15296,1994983666
15297,1994983807
15294,1994983949
15293,1994984090
15287,1994984231
15278,1994984372
15294,1994984513
15291,1994984654
15290,1994984795
15316,1994984937
15312,1994985078
15305,1994985219
15293,1994985360
15286,1994985501
15283,1994985642
15289,1994985783
15296,1994985925
15325,1994986065
15289,1994986206
15310,1994986347
15292,1994986489
15288,1994986629
15288,1994986771
15287,1994986912
15326,1994987053
15300,1994987194
15302,1994987335
15287,1994987476
15303,1994987617
15285,1994987758
15292,1994987899
15342,1994988040
15299,1994988181
15286,1994988322
15294,1994988464
15293,1994988604
15281,1994988746
15282,1994988887
15317,1994989028
15308,1994989169
15292,1994989310
15301,1994989451
15283,1994989592
15288,1994989733
15297,1994989874
15293,1994990016
15318,1994990157
15295,1994990298
15292,1994990439
15286,1994990580
15297,1994990721
15286,1994990862
15303,1994991004
15314,1994991145
15294,1994991285
15287,1994991427
15292,1994991568
15290,1994991709
15290,1994991850
15292,1994991991
15335,1994992132
15305,1994992273
15294,1994992415
15306,1994992556
15287,1994992697
15293,1994992838
15285,1994992980
15284,1994993120
15298,1994993261
15285,1994993403
15297,1994993544
15285,1994993685
15293,1994993826
15298,1994993968
15282,1994994109
15292,1994994249
15280,1994994390
15287,1994994532
15292,1994994672
15296,1994994813
15288,1994994954
15292,1994995095
15267,1994995236
15295,1994995376
15284,1994995518
15276,1994995659
15286,1994995800
15294,1994995942
15288,1994996083
15311,1994996223
15265,1994996364
15313,1994996506
15261,1994996647
15284,1994996788
15280,1994996929
15292,1994997071
15296,1994997211
15293,1994997352
15285,1994997494
15294,1994997635
15291,1994997776
15288,1994997917
15273,1994998059
15291,1994998199
15280,1994998340
15299,1994998482
15278,1994998622
15301,1994998764
15294,1994998905
15286,1994999046
15257,1994999187
15297,1994999328
15298,1994999470
15257,1994999610
15290,1994999751
15294,1994999892
15284,1995000034
15298,1995000175
15287,1995000316
15284,1995000457
15286,1995000598
15291,1995000739
15281,1995000880
15278,1995001022
15294,1995001163
15304,1995001304
15293,1995001445
15300,1995001586
15300,1995001727
15292,1995001868
15290,1995002010
15282,1995002151
15334,1995002292
15297,1995002433
15301,1995002574
15318,1995002715
15296,1995002856
15282,1995002998
15292,1995003139
15307,1995003280
15298,1995003421
15293,1995003562
15298,1995003703
15285,1995003844
15288,1995003986
15287,1995004126
15314,1995004267
15307,1995004408
15291,1995004550
15291,1995004691
15294,1995004831
15280,1995004973
15298,1995005114
15303,1995005255
15305,1995005395
15297,1995005537
15288,1995005679
15296,1995005819
15283,1995005961
15293,1995006102
15301,1995006243
15324,1995006383
15289,1995006525
15291,1995006666
15285,1995006807
15289,1995006949
15287,1995007090
15291,1995007230
15331,1995007371
15313,1995007513
15289,1995007654
15285,1995007795
15296,1995007936
15303,1995008077
15288,1995008218
15328,1995008359
15315,1995008501
15290,1995008641
15294,1995008783
15288,1995008923
15280,1995009065
15280,1995009206
15305,1995009347
15300,1995009488
15285,1995009629
15296,1995009770
15290,1995009911
15299,1995010053
15284,1995010194
15288,1995010335
15298,1995010476
15285,1995010617
15292,1995010758
15292,1995010899
15281,1995011041
15276,1995011182
15293,1995011323
15299,1995011464
15297,1995011605
15297,1995011746
15301,1995011887
15298,1995012029
15286,1995012170
15295,1995012311
15286,1995012452
15298,1995012593
15294,1995012734
15283,1995012875
15278,1995013017
15280,1995013157
15290,1995013298
15286,1995013439
15297,1995013581
15294,1995013722
15292,1995013862
15289,1995014004
15286,1995014145
15294,1995014286
15296,1995014426
15286,1995014568
15288,1995014710
15303,1995014850
15287,1995014992
15287,1995015133
15287,1995015274
15312,1995015414
15306,1995015556
15283,1995015698
15293,1995015838
15286,1995015980
15294,1995016121
15288,1995016262
15285,1995016402
15295,1995016544
15298,1995016685
15290,1995016826
15296,1995016967
15288,1995017109
15280,1995017249
15297,1995017391
15319,1995017533
15310,1995017673
15290,1995017814
15290,1995017954
15300,1995018097
15282,1995018237
15299,1995018378
15323,1995018520
15328,1995018660
15294,1995018802
15291,1995018942
15282,1995019084
15293,1995019225
15294,1995019366
15306,1995019507
15329,1995019648
15286,1995019790
15295,1995019930
15301,1995020072
15298,1995020213
15288,1995020354
15302,1995020495
15315,1995020636
15311,1995020778
15296,1995020918
15291,1995021060
15300,1995021201
15289,1995021342
15297,1995021483
15335,1995021624
15312,1995021765
15285,1995021905
15282,1995022047
15285,1995022188
15291,1995022328
15290,1995022469
15321,1995022611
15302,1995022752
15282,1995022893
15300,1995023035
15286,1995023175
15288,1995023316
15294,1995023457
15324,1995023599
15306,1995023740
15310,1995023881
15289,1995024022
15291,1995024163
15281,1995024304
15298,1995024445
15316,1995024587
15303,1995024728
15285,1995024869
15299,1995025011
15275,1995025152
15296,1995025293
15297,1995025434
15289,1995025575
15284,1995025717
15292,1995025857
15283,1995025998
15295,1995026140
15278,1995026281
15283,1995026421
15297,1995026563
15285,1995026704
15293,1995026845
15284,1995026986
15291,1995027128
15291,1995027268
15282,1995027409
15292,1995027551
15284,1995027692
15281,1995027833
15291,1995027973
15282,1995028115
15287,1995028256
15289,1995028397
15281,1995028538
15276,1995028679
15292,1995028820
15292,1995028961
15291,1995029103
15301,1995029243
15298,1995029384
15282,1995029526
15279,1995029667
15294,1995029808
15281,1995029949
15265,1995030091
15283,1995030231
15292,1995030372
15292,1995030513
15286,1995030655
15268,1995030796
15287,1995030936
15281,1995031078
15293,1995031219
15296,1995031360
15294,1995031500
15246,1995031642
15277,1995031783
15285,1995031924
15310,1995032066
15293,1995032207
15276,1995032347
15302,1995032488
15292,1995032630
15310,1995032771
15296,1995032912
15284,1995033054
15281,1995033195
15282,1995033335
15305,1995033476
15295,1995033618
15310,1995033759
15318,1995033900
15306,1995034042
15316,1995034183
15288,1995034323
15304,1995034464
15292,1995034606
15295,1995034747
15329,1995034888
15293,1995035029
15298,1995035170
15284,1995035311
15297,1995035452
15300,1995035593
15296,1995035735
15324,1995035875
15316,1995036016
15304,1995036158
15298,1995036299
15286,1995036439
15294,1995036581
15291,1995036722
15318,1995036863
15305,1995037004
15268,1995037146
15303,1995037287
15296,1995037427
15277,1995037569
15294,1995037710
15311,1995037850
15319,1995037991
15293,1995038133
15278,1995038274
15291,1995038415
15286,1995038556
15298,1995038698
15324,1995038838
15316,1995038979
15293,1995039121
15309,1995039262
15280,1995039403
15279,1995039544
15339,1995039685
15309,1995039825
15324,1995039966
15303,1995040108
15279,1995040249
15288,1995040389
15292,1995040530
15293,1995040672
15294,1995040813
15327,1995040954
15307,1995041095
15295,1995041236
15298,1995041377
15289,1995041518
15288,1995041659
15290,1995041801
15288,1995041941
15293,1995042083
15284,1995042224
15289,1995042365
15278,1995042505
15290,1995042647
15276,1995042788
15287,1995042929
15294,1995043070
15290,1995043211
15291,1995043352
15288,1995043493
15291,1995043634
15282,1995043776
15291,1995043916
15281,1995044058
15281,1995044199
15284,1995044340
15294,1995044480
15289,1995044622
15285,1995044763
15292,1995044904
15283,1995045045
15299,1995045187
15302,1995045328
15291,1995045468
15284,1995045610
15276,1995045751
15284,1995045892
15295,1995046033
15298,1995046175
15287,1995046315
15279,1995046456
15286,1995046598
15288,1995046738
15293,1995046879
15293,1995047020
15300,1995047162
15290,1995047303
15278,1995047443
15283,1995047585
15288,1995047725
15282,1995047866
15293,1995048007
15308,1995048149
15282,1995048290
15292,1995048431
15282,1995048572
15275,1995048713
15284,1995048853
15289,1995048994
15280,1995049136
15294,1995049277
15283,1995049417
15292,1995049558
15289,1995049700
15282,1995049841
15293,1995049982
15311,1995050123
15291,1995050264
15292,1995050405
15290,1995050546
15282,1995050687
15301,1995050828
15282,1995050969
15325,1995051110
15297,1995051251
15288,1995051392
15295,1995051533
15285,1995051674
15281,1995051815
15276,1995051956
15318,1995052097
15300,1995052238
15300,1995052379
15290,1995052520
15292,1995052662
15297,1995052803
15284,1995052944
15293,1995053085
15315,1995053226
15291,1995053367
15292,1995053508
15299,1995053649
15277,1995053791
15293,1995053931
15293,1995054072
15319,1995054214
15307,1995054355
15298,1995054495
15292,1995054637
15288,1995054778
15290,1995054919
15302,1995055060
15325,1995055202
15312,1995055343
15293,1995055483
15295,1995055625
15297,1995055765
15295,1995055906
15300,1995056047
15311,1995056189
15324,1995056330
15305,1995056471
15287,1995056612
15299,1995056753
15282,1995056894
15293,1995057034
15309,1995057176
15312,1995057317
15291,1995057458
15284,1995057599
15290,1995057740
15279,1995057881
15293,1995058021
15288,1995058163
15297,1995058304
15279,1995058444
15279,1995058585
15312,1995058727
15278,1995058867
15304,1995059008
15273,1995059150
15300,1995059291
15318,1995059431
15295,1995059572
15296,1995059713
15288,1995059855
15305,1995059996
15277,1995060138
15269,1995060279
15280,1995060419
15286,1995060560
15288,1995060701
15284,1995060842
15290,1995060983
15295,1995061125
15292,1995061266
15318,1995061406
15295,1995061547
15300,1995061689
15292,1995061829
15297,1995061970
15268,1995062111
15296,1995062253
15288,1995062394
15276,1995062534
15296,1995062676
15281,1995062816
15296,1995062957
15294,1995063098
15277,1995063240
15291,1995063381
15291,1995063521
15314,1995063663
15289,1995063804
15271,1995063945
15291,1995064086
15284,1995064228
15260,1995064368
15290,1995064509
15290,1995064651
15290,1995064791
15297,1995064932
15293,1995065073
15294,1995065215
15290,1995065356
15285,1995065496
15287,1995065638
15286,1995065779
15286,1995065920
15299,1995066061
15279,1995066203
15315,1995066344
15304,1995066484
15290,1995066625
15298,1995066766
15294,1995066907
15276,1995067048
15295,1995067190
15296,1995067330
15310,1995067471
15298,1995067612
15299,1995067754
15285,1995067895
15281,1995068036
15301,1995068177
15280,1995068318
15324,1995068459
15282,1995068600
15275,1995068741
15278,1995068882
15285,1995069023
15281,1995069164
15291,1995069305
15320,1995069446
15315,1995069587
15289,1995069728
15290,1995069869
15276,1995070010
15291,1995070151
15287,1995070292
15321,1995070433
15306,1995070574
15295,1995070717
15278,1995070858
15290,1995070998
15284,1995071139
15279,1995071281
15310,1995071422
15306,1995071562
15292,1995071704
15297,1995071844
15291,1995071985
15285,1995072126
15277,1995072268
15301,1995072409
15317,1995072549
15289,1995072691
15283,1995072832
15294,1995072973
15282,1995073114
15296,1995073256
15312,1995073396
15325,1995073537
15285,1995073679
15288,1995073820
15281,1995073961
15280,1995074102
15293,1995074243
15285,1995074384
15279,1995074525
15289,1995074667
15296,1995074808
15280,1995074949
15286,1995075090
15285,1995075232
15288,1995075372
15285,1995075513
15281,1995075654
15292,1995075796
15295,1995075937
15285,1995076078
15299,1995076219
15275,1995076360
15281,1995076501
15288,1995076641
15293,1995076783
15285,1995076923
15286,1995077064
15293,1995077206
15287,1995077347
15287,1995077487
15275,1995077628
15284,1995077770
15288,1995077911
15282,1995078052
15292,1995078194
15280,1995078335
15292,1995078475
15280,1995078616
15295,1995078758
15286,1995078899
15289,1995079040
15297,1995079182
15276,1995079323
15290,1995079463
15301,1995079604
15281,1995079746
15288,1995079886
15297,1995080027
15294,1995080168
15275,1995080310
15293,1995080451
15287,1995080592
15281,1995080734
15284,1995080875
15287,1995081016
15283,1995081157
15300,1995081299
15292,1995081440
15290,1995081580
15296,1995081722
15298,1995081863
15284,1995082003
15284,1995082144
15289,1995082286
15300,1995082427
15294,1995082567
15306,1995082710
15291,1995082850
15274,1995082991
15297,1995083132
15294,1995083274
15277,1995083415
15295,1995083556
15328,1995083698
15296,1995083839
15298,1995083979
15298,1995084120
15285,1995084262
15280,1995084403
15293,1995084544
15332,1995084684
15306,1995084826
15294,1995084966
15288,1995085107
15280,1995085249
15290,1995085390
15277,1995085530
15321,1995085671
15318,1995085813
15291,1995085954
15297,1995086095
15290,1995086237
15295,1995086377
15300,1995086518
15304,1995086659
15329,1995086801
15300,1995086942
15287,1995087083
15295,1995087224
15283,1995087365
15286,1995087506
15303,1995087647
15320,1995087788
15302,1995087929
15293,1995088070
15290,1995088212
15289,1995088353
15291,1995088493
15281,1995088634
15333,1995088776
15287,1995088917
15286,1995089058
15288,1995089199
15282,1995089340
15287,1995089481
15286,1995089622
15313,1995089763
15306,1995089904
15291,1995090045
15295,1995090185
15304,1995090327
15284,1995090468
15277,1995090609
15289,1995090751
15284,1995090892
15271,1995091033
15283,1995091173
15279,1995091315
15290,1995091456
15279,1995091597
15321,1995091739
15289,1995091880
15295,1995092020
15311,1995092161
15288,1995092303
15278,1995092444
15296,1995092585
15297,1995092727
15292,1995092867
15294,1995093008
15268,1995093149
15302,1995093291
15291,1995093432
15282,1995093573
15287,1995093714
15289,1995093855
15284,1995093996
15309,1995094137
15279,1995094279
15287,1995094419
15285,1995094560
15280,1995094701
15289,1995094843
15291,1995094984
15284,1995095125
15289,1995095266
15296,1995095407
15294,1995095548
15285,1995095689
15285,1995095831
15290,1995095972
15293,1995096112
15288,1995096254
15293,1995096395
15288,1995096536
15295,1995096677
15296,1995096819
15292,1995096959
15277,1995097100
15292,1995097242
15290,1995097383
15291,1995097524
15295,1995097665
15279,1995097807
15288,1995097947
15280,1995098088
15275,1995098229
15299,1995098371
15298,1995098511
15272,1995098652
15287,1995098794
15311,1995098934
15299,1995099075
15307,1995099216
15277,1995099358
15293,1995099498
15293,1995099639
15302,1995099780
15306,1995099921
15265,1995100062
15313,1995100203
15295,1995100345
15287,1995100485
15298,1995100626
15285,1995100768
15310,1995100909
15306,1995101050
15317,1995101191
15267,1995101333
15292,1995101473
15289,1995101614
15292,1995101755
15305,1995101896
15322,1995102037
15293,1995102178
15287,1995102320
15295,1995102461
15302,1995102601
15283,1995102743
15287,1995102884
15323,1995103025
15296,1995103166
15295,1995103307
15301,1995103448
15281,1995103589
15287,1995103730
15294,1995103872
15320,1995104013
15306,1995104153
15284,1995104295
15281,1995104436
15288,1995104576
15293,1995104718
15293,1995104860
15305,1995105001
15314,1995105141
15304,1995105283
15294,1995105424
15273,1995105564
15280,1995105706
15297,1995105848
15298,1995105988
15302,1995106129
15297,1995106271
15280,1995106412
15290,1995106552
15293,1995106694
15292,1995106836
15300,1995106976
15279,1995107117
15287,1995107258
15292,1995107400
15287,1995107540
15285,1995107682
15275,1995107823
15286,1995107964
15292,1995108105
15298,1995108246
15281,1995108387
15291,1995108528
15280,1995108669
15284,1995108811
15287,1995108952
15284,1995109093
15285,1995109233
15280,1995109375
15282,1995109516
15301,1995109657
15280,1995109799
15285,1995109940
15288,1995110081
15282,1995110221
15301,1995110363
15283,1995110504
15286,1995110645
15291,1995110787
15290,1995110928
15296,1995111069
15273,1995111209
15290,1995111351
15297,1995111492
15293,1995111633
15277,1995111774
15282,1995111916
15281,1995112056
15278,1995112197
15296,1995112339
15288,1995112479
15288,1995112620
15287,1995112761
15286,1995112902
15290,1995113043
15286,1995113184
15284,1995113326
15292,1995113466
15291,1995113607
15289,1995113748
15279,1995113890
15298,1995114031
15290,1995114172
15275,1995114313
15291,1995114454
15273,1995114595
15293,1995114736
15287,1995114878
15294,1995115019
15320,1995115160
15316,1995115301
15289,1995115442
15286,1995115583
15287,1995115724
15283,1995115866
15294,1995116007
15315,1995116148
15321,1995116289
15297,1995116430
15301,1995116571
15291,1995116712
15289,1995116854
15288,1995116995
15287,1995117135
15313,1995117276
15303,1995117418
15301,1995117559
15289,1995117700
15293,1995117842
15292,1995117982
15276,1995118123
15338,1995118264
15301,1995118406
15293,1995118547
15275,1995118688
15276,1995118829
15292,1995118970
15294,1995119111
15314,1995119252
15296,1995119394
15300,1995119535
15295,1995119676
15288,1995119817
15297,1995119958
15290,1995120099
15299,1995120240
15309,1995120382
15291,1995120523
15287,1995120665
15292,1995120806
15288,1995120947
15286,1995121088
15296,1995121228
15320,1995121370
15303,1995121511
15288,1995121651
15294,1995121793
15284,1995121934
15305,1995122075
15308,1995122216
15331,1995122358
15309,1995122498
15297,1995122640
15281,1995122781
15292,1995122923
15300,1995123064
15294,1995123204
15292,1995123346
15291,1995123487
15289,1995123628
15290,1995123769
15286,1995123911
15288,1995124052
15271,1995124192
15276,1995124334
15285,1995124475
15279,1995124616
15290,1995124757
15288,1995124899
15285,1995125040
15292,1995125181
15296,1995125321
15285,1995125463
15296,1995125604
15288,1995125745
15290,1995125887
15286,1995126027
15282,1995126168
15283,1995126309
15290,1995126451
15274,1995126592
15289,1995126733
15284,1995126874
15286,1995127015
15292,1995127156
15270,1995127297
15292,1995127439
15284,1995127579
15294,1995127721
15292,1995127862
15302,1995128003
15288,1995128144
15296,1995128285
15280,1995128427
15288,1995128567
15273,1995128709
15307,1995128850
15276,1995128991
15302,1995129132
15295,1995129273
15303,1995129415
15283,1995129555
15264,1995129697
15276,1995129838
15306,1995129979
15287,1995130120
15295,1995130261
15312,1995130402
15278,1995130543
15266,1995130684
15277,1995130825
15282,1995130967
15300,1995131108
15279,1995131248
15292,1995131390
15359,1995131531
15320,1995131672
15270,1995131813
15295,1995131954
15273,1995132095
15286,1995132236
15278,1995132378
15345,1995132519
15304,1995132659
15300,1995132800
15302,1995132942
15281,1995133083
15274,1995133224
15305,1995133366
15342,1995133507
15285,1995133647
15303,1995133788
15273,1995133930
15291,1995134071
15284,1995134212
15290,1995134353
15317,1995134494
15306,1995134635
15293,1995134776
15272,1995134918
15305,1995135059
15282,1995135199
15299,1995135340
15303,1995135482
15310,1995135623
15309,1995135764
15291,1995135906
15289,1995136046
15285,1995136187
15291,1995136328
15276,1995136470
15317,1995136610
15286,1995136752
15290,1995136893
15294,1995137034
15287,1995137175
15294,1995137316
15306,1995137458
15327,1995137599
15311,1995137740
15298,1995137881
15297,1995138022
15289,1995138163
15294,1995138304
15292,1995138446
15322,1995138587
15297,1995138728
15299,1995138869
15293,1995139010
15284,1995139151
15292,1995139292
15290,1995139433
15280,1995139574
15273,1995139715
15279,1995139856
15286,1995139998
15286,1995140139
15276,1995140279
15284,1995140421
15266,1995140562
15279,1995140703
15285,1995140844
15287,1995140986
15287,1995141127
15299,1995141267
15291,1995141409
15290,1995141550
15284,1995141691
15288,1995141832
15283,1995141973
15282,1995142114
15278,1995142255
15290,1995142397
15286,1995142538
15280,1995142679
15281,1995142820
15295,1995142961
15280,1995143102
15283,1995143243
15296,1995143384
15291,1995143525
15286,1995143667
15282,1995143808
15287,1995143949
15286,1995144090
15287,1995144231
15288,1995144372
15300,1995144513
15280,1995144654
15288,1995144795
15290,1995144937
15282,1995145078
15280,1995145219
15278,1995145360
15297,1995145502
15275,1995145643
15285,1995145784
15280,1995145925
15290,1995146066
15273,1995146207
15276,1995146348
15292,1995146490
15290,1995146631
15273,1995146771
15282,1995146913
15276,1995147054
15283,1995147194
15292,1995147335
15292,1995147477
15291,1995147618
15333,1995147758
15291,1995147899
15297,1995148041
15296,1995148181
15278,1995148322
15285,1995148464
15302,1995148604
15310,1995148746
15315,1995148886
15311,1995149028
15298,1995149169
15292,1995149310
15302,1995149451
15270,1995149592
15305,1995149733
15304,1995149874
15302,1995150016
15295,1995150157
15292,1995150297
15293,1995150439
15281,1995150580
15280,1995150721
15317,1995150862
15292,1995151004
15287,1995151145
15286,1995151285
15294,1995151427
15297,1995151568
15277,1995151709
15323,1995151850
15310,1995151992
15282,1995152133
15288,1995152273
15281,1995152414
15298,1995152556
15290,1995152697
15323,1995152838
15289,1995152979
15304,1995153120
15284,1995153261
15295,1995153402
15292,1995153544
15290,1995153685
15311,1995153826
15317,1995153967
15284,1995154108
15284,1995154249
15296,1995154390
15281,1995154531
15285,1995154673
15297,1995154813
15315,1995154955
15304,1995155096
15287,1995155237
15285,1995155378
15292,1995155519
15274,1995155660
15278,1995155801
15284,1995155943
15286,1995156084
15284,1995156225
15283,1995156365
15287,1995156507
15286,1995156648
15283,1995156789
15275,1995156930
15310,1995157072
15276,1995157212
15297,1995157353
15273,1995157495
15297,1995157636
15289,1995157777
15292,1995157917
15287,1995158059
15285,1995158200
15284,1995158341
15279,1995158482
15279,1995158623
15299,1995158764
15286,1995158905
15287,1995159047
15285,1995159188
15289,1995159329
15278,1995159470
15262,1995159611
15257,1995159752
15290,1995159893
15275,1995160035
15316,1995160176
15287,1995160317
15304,1995160458
15293,1995160599
15308,1995160740
15293,1995160881
15284,1995161023
15285,1995161164
15283,1995161305
15275,1995161446
15289,1995161587
15252,1995161728
15292,1995161869
15286,1995162011
15270,1995162152
15278,1995162292
15315,1995162433
15289,1995162575
15300,1995162716
15292,1995162857
15276,1995162999
15277,1995163139
15294,1995163280
15287,1995163421
15292,1995163563
15283,1995163704
15282,1995163845
15306,1995163986
15323,1995164127
15275,1995164268
15285,1995164409
15285,1995164551
15277,1995164692
15281,1995164833
15307,1995164974
15327,1995165115
15301,1995165256
15288,1995165397
15285,1995165539
15284,1995165680
15289,1995165821
15298,1995165962
15336,1995166103
15286,1995166244
15297,1995166384
15295,1995166526
15287,1995166667
15294,1995166808
15287,1995166949
15302,1995167091
15302,1995167231
15304,1995167372
15295,1995167514
15303,1995167655
15299,1995167796
15298,1995167937
15314,1995168078
15310,1995168219
15285,1995168360
15297,1995168502
15291,1995168643
15288,1995168783
15292,1995168924
15307,1995169066
15322,1995169206
15317,1995169347
15294,1995169489
15322,1995169630
15291,1995169771
15290,1995169912
15290,1995170054
15313,1995170194
15294,1995170335
15293,1995170476
15279,1995170617
15289,1995170759
15283,1995170900
15285,1995171041
15330,1995171182
15288,1995171323
15289,1995171463
15289,1995171605
15289,1995171747
15285,1995171887
15281,1995172029
15282,1995172170
15288,1995172310
15279,1995172451
15277,1995172593
15283,1995172734
15293,1995172875
15283,1995173017
15280,1995173158
15287,1995173298
15295,1995173439
15281,1995173581
15296,1995173722
15280,1995173863
15288,1995174005
15295,1995174146
15292,1995174286
15283,1995174427
15279,1995174569
15274,1995174710
15287,1995174851
15286,1995174992
15292,1995175133
15292,1995175274
15290,1995175415
15279,1995175556
15293,1995175698
15287,1995175838
15294,1995175979
15287,1995176121
15288,1995176262
15285,1995176402
15283,1995176544
15283,1995176685
15293,1995176825
15288,1995176966
15304,1995177108
15295,1995177249
15291,1995177390
15280,1995177531
15288,1995177672
15292,1995177813
15290,1995177953
15285,1995178095
15285,1995178236
15285,1995178377
15289,1995178519
15277,1995178661
15297,1995178801
15287,1995178942
15291,1995179084
15281,1995179225
15281,1995179365
15293,1995179506
15270,1995179648
15292,1995179789
15296,1995179930
15295,1995180072
15293,1995180212
15320,1995180353
15297,1995180494
15288,1995180636
15294,1995180777
15279,1995180918
15299,1995181059
15281,1995181200
15318,1995181342
15297,1995181482
15292,1995181624
15283,1995181766
15290,1995181906
15283,1995182048
15293,1995182189
15299,1995182330
15303,1995182470
15293,1995182612
15280,1995182754
15298,1995182894
15286,1995183036
15268,1995183177
15307,1995183318
15330,1995183458
15310,1995183600
15297,1995183742
15280,1995183882
15304,1995184024
15290,1995184165
15281,1995184306
15321,1995184446
15309,1995184588
15283,1995184729
15287,1995184870
15276,1995185011
15278,1995185152
15295,1995185293
15329,1995185434
15290,1995185576
15280,1995185717
15280,1995185858
15288,1995185998
15290,1995186140
15275,1995186281
15326,1995186422
15278,1995186563
15281,1995186705
15285,1995186846
15293,1995186986
15289,1995187128
15296,1995187269
15320,1995187410
15306,1995187551
15298,1995187692
15291,1995187833
15293,1995187973
15289,1995188115
15274,1995188256
15298,1995188397
15292,1995188538
15261,1995188680
15289,1995188821
15293,1995188961
15284,1995189103
15300,1995189244
15274,1995189385
15276,1995189525
15291,1995189667
15321,1995189808
15315,1995189948
15257,1995190090
15297,1995190231
15302,1995190371
15279,1995190512
15283,1995190654
15289,1995190795
15282,1995190936
15291,1995191078
15283,1995191219
15292,1995191360
15269,1995191500
15309,1995191642
15283,1995191783
15288,1995191924
15297,1995192066
15309,1995192207
15299,1995192348
15281,1995192488
15292,1995192630
15289,1995192771
15293,1995192911
15261,1995193053
15290,1995193194
15298,1995193335
15278,1995193475
15282,1995193617
15290,1995193758
15284,1995193899
15286,1995194040
15277,1995194182
15271,1995194322
15299,1995194463
15290,1995194605
15283,1995194745
15277,1995194886
15292,1995195027
15278,1995195169
15281,1995195309
15290,1995195450
15288,1995195592
15286,1995195733
15311,1995195874
15285,1995196015
15283,1995196156
15283,1995196297
15286,1995196438
15332,1995196580
15307,1995196720
15290,1995196861
15282,1995197002
15282,1995197144
15294,1995197284
15280,1995197425
15310,1995197566
15314,1995197708
15306,1995197849
15275,1995197989
15287,1995198131
15274,1995198272
15288,1995198413
15298,1995198553
15315,1995198695
15293,1995198836
15282,1995198976
15282,1995199118
15279,1995199259
15284,1995199400
15293,1995199540
15326,1995199682
15295,1995199823
15306,1995199964
15293,1995200105
15292,1995200246
15299,1995200387
15278,1995200528
15322,1995200669
15301,1995200810
15292,1995200951
15287,1995201093
15276,1995201233
15283,1995201374
15280,1995201515
15315,1995201657
15312,1995201798
15317,1995201939
15289,1995202080
15286,1995202221
15283,1995202362
15288,1995202503
15307,1995202644
15309,1995202786
15293,1995202926
15290,1995203067
15305,1995203209
15298,1995203350
15289,1995203491
15299,1995203632
15310,1995203774
15293,1995203914
15284,1995204055
15290,1995204197
15283,1995204338
15282,1995204478
15290,1995204620
15296,1995204761
15271,1995204901
15293,1995205042
15268,1995205184
15283,1995205325
15278,1995205465
15280,1995205607
15289,1995205748
15285,1995205888
15271,1995206029
15287,1995206171
15300,1995206312
15285,1995206453
15290,1995206594
15290,1995206736
15296,1995206876
15288,1995207017
15291,1995207159
15289,1995207300
15280,1995207440
15291,1995207581
15291,1995207723
15288,1995207863
15285,1995208004
15288,1995208146
15292,1995208287
15278,1995208427
15292,1995208568
15289,1995208711
15283,1995208852
15274,1995208993
15283,1995209134
15287,1995209275
15292,1995209416
15289,1995209557
15285,1995209698
15292,1995209839
15286,1995209980
15292,1995210122
15282,1995210262
15293,1995210403
15272,1995210544
15291,1995210686
15292,1995210827
15283,1995210968
15284,1995211109
15284,1995211250
15287,1995211391
15284,1995211532
15282,1995211673
15288,1995211814
15278,1995211955
15285,1995212095
15276,1995212237
15271,1995212378
15289,1995212519
15286,1995212661
15286,1995212802
15320,1995212942
15295,1995213083
15282,1995213225
15291,1995213366
15289,1995213506
15289,1995213648
15297,1995213789
15326,1995213929
15293,1995214070
15280,1995214212
15273,1995214353
15295,1995214494
15285,1995214635
15278,1995214776
15324,1995214917
15294,1995215058
15294,1995215199
15295,1995215340
15292,1995215481
15283,1995215622
15295,1995215763
15317,1995215904
15302,1995216045
15302,1995216186
15297,1995216327
15286,1995216468
15291,1995216608
15283,1995216750
15297,1995216891
15323,1995217032
15299,1995217173
15281,1995217314
15297,1995217455
15288,1995217595
15287,1995217737
15289,1995217878
15312,1995218019
15289,1995218160
15300,1995218301
15266,1995218442
15285,1995218583
15282,1995218724
15291,1995218865
15325,1995219006
15296,1995219147
15283,1995219288
15284,1995219429
15293,1995219570
15282,1995219713
15290,1995219854
15329,1995219995
15291,1995220136
15295,1995220277
15280,1995220418
15287,1995220558
15274,1995220700
15275,1995220841
15302,1995220981
15263,1995221122
15292,1995221264
15292,1995221405
15282,1995221545
15261,1995221687
15279,1995221828
15310,1995221969
15287,1995222110
15283,1995222251
15293,1995222392
15289,1995222533
15294,1995222674
15313,1995222815
15262,1995222956
15314,1995223097
15289,1995223239
15289,1995223379
15303,1995223520
15285,1995223662
15287,1995223803
15281,1995223944
15291,1995224085
15283,1995224226
15272,1995224367
15269,1995224508
15281,1995224649
15286,1995224790
15288,1995224931
15287,1995225072
15282,1995225213
15286,1995225354
15287,1995225495
15290,1995225636
15289,1995225778
15295,1995225919
15278,1995226060
15294,1995226201
15283,1995226342
15286,1995226483
15279,1995226623
15285,1995226766
15283,1995226906
15282,1995227047
15290,1995227189
15281,1995227330
15283,1995227471
15273,1995227611
15284,1995227753
15295,1995227894
15281,1995228035
15290,1995228176
15292,1995228317
15278,1995228458
15278,1995228599
15287,1995228740
15273,1995228881
15282,1995229022
15317,1995229163
15291,1995229304
15292,1995229445
15282,1995229586
15280,1995229727
15277,1995229868
15297,1995230008
15317,1995230149
15304,1995230291
15283,1995230432
15331,1995230572
15286,1995230715
15253,1995230855
15283,1995230996
15284,1995231137
15288,1995231279
15282,1995231420
15296,1995231560
15289,1995231702
15287,1995231843
15283,1995231984
15305,1995232125
15315,1995232267
15288,1995232407
15286,1995232548
15296,1995232690
15287,1995232831
15276,1995232972
15261,1995233113
15318,1995233254
15319,1995233395
15287,1995233536
15304,1995233678
15280,1995233819
15279,1995233960
15279,1995234101
15308,1995234242
15303,1995234383
15289,1995234524
15279,1995234664
15283,1995234806
15292,1995234947
15274,1995235088
15324,1995235229
15324,1995235370
15293,1995235511
15284,1995235652
15293,1995235794
15286,1995235934
15290,1995236075
15303,1995236217
15308,1995236358
15300,1995236499
15290,1995236639
15293,1995236782
15286,1995236922
15291,1995237063
15287,1995237205
15281,1995237346
15298,1995237487
15289,1995237627
15284,1995237770
15290,1995237910
15286,1995238051
15286,1995238192
15296,1995238334
15296,1995238474
15291,1995238615
15289,1995238756
15299,1995238897
15289,1995239038
15278,1995239179
15277,1995239320
15299,1995239461
15296,1995239602
15287,1995239743
15290,1995239884
15280,1995240025
15287,1995240166
15287,1995240307
15293,1995240448
15283,1995240589
15290,1995240731
15281,1995240872
15284,1995241013
15293,1995241153
15284,1995241295
15284,1995241436
15310,1995241577
15278,1995241719
15290,1995241860
15289,1995242001
15286,1995242142
15281,1995242283
15293,1995242424
15294,1995242565
15284,1995242706
15291,1995242848
15289,1995242989
15278,1995243129
15288,1995243271
15277,1995243412
15283,1995243553
15290,1995243694
15280,1995243836
15287,1995243976
15290,1995244117
15295,1995244259
15288,1995244400
15291,1995244540
15284,1995244682
15297,1995244823
15279,1995244964
15281,1995245105
15295,1995245247
15300,1995245387
15310,1995245528
15292,1995245669
15286,1995245811
15283,1995245952
15289,1995246093
15293,1995246235
15299,1995246375
15316,1995246516
15303,1995246657
15297,1995246799
15283,1995246940
15283,1995247081
15291,1995247222
15282,1995247363
15331,1995247504
15292,1995247645
15292,1995247786
15288,1995247927
15293,1995248068
15271,1995248208
15293,1995248350
15317,1995248491
15301,1995248632
15303,1995248773
15278,1995248914
15280,1995249055
15289,1995249195
15287,1995249337
15317,1995249478
15306,1995249619
15294,1995249761
15291,1995249902
15295,1995250043
15287,1995250183
15282,1995250325
15314,1995250466
15314,1995250607
15301,1995250749
15289,1995250890
15299,1995251031
15274,1995251171
15283,1995251313
15304,1995251454
15315,1995251595
15288,1995251736
15281,1995251877
15303,1995252018
15297,1995252159