1743
1767
1733
1729
1727
1761
1729
1727
1724
1719
1717
1718
1715
1715
1715
1715
1719
1715
1717
1720
1719
1713
1721
1718
1713
1720
1719
1752
1721
1720
1713
1717
1719
1714
1716
1757
1719
1713
1721
1719
1712
1720
1720
1715
1717
1723
1713
1720
1719
1713
1755
1719
1715
1717
1721
1719
1711
1719
1755
1716
1721
1721
1717
1719
1717
1719
1713
1719
1716
1718
1716
1720
1715
1750
1717
1718
1719
1718
1715
1718
1721
1720
1719
1717
1719
1715
1720
1719
1715
1718
1719
1717
1723
1717
1719
1753
1723
1715
1715
1718
1717
1719
1719
1715
1715
1721
1721
1717
1719
1717
1753
1719
1719
1716
1720
1721
1718
1711
1755
1717
1719
1718
1717
1719
1715
1719
1715
1717
1723
1715
1716
1723
1715
1752
1719
1717
1719
1716
1723
1714
1717
1757
1717
1719
1715
1714
1717
1723
1715
1715
1718
1718
1716
1721
1719
1711
1717
1721
1717
1718
1717
1719
1715
1719
1716
1720
1719
1715
1715
1719
1719
1715
1719
1720
1719
1715
1718
1716
1756
1721
1719
1715
1719
1719
1716
1721
1754
1715
1719
1718
1715
1717
1721
1755
1711
1719
1719
1717
1723
1715
1715
1754
1720
1718
1718
1719
1715
1719
1719
1713
1719
1718
1717
1719
1717
1721
1718
1715
1717
1719
1715
1719
1716
1720
1721
1715
1713
1720
1719
1715
1719
1719
1717
1723
1717
1720
1717
1719
1713
1720
1719
1715
1715
1719
1716
1719
1753
1723
1715
1719
1719
1717
1723
1719
1751
1718
1721
1720
1717
1720
1719
1751
1719
1717
1720
1718
1718
1715
1718
1756
1721
1719
1719
1717
1719
1717
1719
1710
1718
1718
1718
1717
1723
1715
1715
1719
1715
1719
1720
1720
1719
1718
1715
1715
1719
1719
1715
1717
1721
1715
1713
1721
1717
1718
1717
1719
1715
1719
1719
1715
1719
1719
1715
1719
1755
1718
1718
1719
1718
1718
1720
1721
1751
1719
1718
1717
1721
1719
1715
1753
1724
1717
1717
1719
1715
1715
1718
1751
1717
1723
1717
1719
1715
1719
1717
1719
1716
1719
1715
1719
1719
1715
1720
1719
1713
1721
1719
1713
1721
1719
1712
1719
1717
1720
1717
1720
1719
1713
1720
1719
1715
1718
1717
1719
1754
1719
1717
1721
1719
1714
1717