15297,1396914869
15325,1396915010
15304,1396915151
15297,1396915294
15302,1396915435
15307,1396915576
15301,1396915717
15290,1396915858
15312,1396915999
15303,1396916140
15296,1396916283
15340,1396916424
15313,1396916565
15321,1396916707
15308,1396916848
15303,1396916988
15310,1396917129
15310,1396917271
15335,1396917412
15322,1396917552
15309,1396917693
15299,1396917835
15298,1396917975
15309,1396918116
15313,1396918258
15339,1396918398
15326,1396918539
15303,1396918680
15302,1396918821
15283,1396918962
15294,1396919103
15309,1396919245
15305,1396919385
15328,1396919526
15317,1396919667
15315,1396919808
15288,1396919949
15299,1396920090
15301,1396920232
15298,1396920372
15335,1396920513
15307,1396920654
15305,1396920797
15297,1396920938
15296,1396921079
15292,1396921220
15300,1396921361
15333,1396921502
15322,1396921643
15291,1396921784
15291,1396921925
15299,1396922066
15295,1396922207
15292,1396922348
15333,1396922489
15302,1396922630
15298,1396922771
15296,1396922912
15297,1396923053
15289,1396923193
15302,1396923335
15324,1396923476
15319,1396923617
15321,1396923758
15312,1396923899
15299,1396924040
15305,1396924180
15302,1396924322
15310,1396924463
15311,1396924604
15295,1396924746
15309,1396924887
15305,1396925028
15304,1396925168
15305,1396925310
15303,1396925451
15297,1396925592
15297,1396925733
15304,1396925875
15309,1396926016
15305,1396926156
15305,1396926298
15306,1396926439
15309,1396926580
15299,1396926721
15299,1396926862
15318,1396927003
15298,1396927143
15316,1396927285
15306,1396927426
15311,1396927566
15291,1396927707
15302,1396927849
15296,1396927989
15301,1396928130
15313,1396928272
15307,1396928413
15314,1396928553
15312,1396928694
15303,1396928836
15299,1396928977
15298,1396929118
15298,1396929259
15298,1396929401
15288,1396929541
15291,1396929682
15310,1396929823
15306,1396929964
15300,1396930105
15300,1396930247
15308,1396930388
15304,1396930528
15305,1396930669
15293,1396930811
15306,1396930951
15309,1396931092
15294,1396931233
15302,1396931375
15296,1396931515
15294,1396931656
15302,1396931798
15306,1396931939
15299,1396932080
15297,1396932221
15306,1396932362
15294,1396932503
15299,1396932644
15314,1396932785
15308,1396932926
15294,1396933067
15297,1396933207
15304,1396933349
15315,1396933490
15318,1396933631
15320,1396933773
15312,1396933914
15305,1396934055
15299,1396934195
15313,1396934337
15343,1396934478
15330,1396934619
15334,1396934761
15328,1396934902
15277,1396935043
15303,1396935183
15288,1396935325
15297,1396935466
15288,1396935607
15347,1396935748
15296,1396935890
15295,1396936031
15304,1396936171
15336,1396936313
15272,1396936454
15316,1396936594
15349,1396936735
15314,1396936877
15307,1396937018
15294,1396937159
15299,1396937301
15316,1396937441
15308,1396937582
15338,1396937723
15325,1396937864
15288,1396938005
15324,1396938146
15314,1396938287
15300,1396938428
15316,1396938569
15325,1396938710
15338,1396938851
15300,1396938992
15301,1396939133
15280,1396939275
15320,1396939416
15305,1396939556
15302,1396939697
15337,1396939838
15315,1396939979
15313,1396940120
15296,1396940261
15303,1396940403
15307,1396940543
15302,1396940684
15303,1396940825
15311,1396940966
15308,1396941107
15302,1396941248
15293,1396941390
15319,1396941530
15303,1396941671
15297,1396941812
15299,1396941953
15295,1396942094
15307,1396942235
15307,1396942377
15310,1396942517
15295,1396942658
15316,1396942800
15292,1396942941
15302,1396943082
15299,1396943223
15282,1396943365
15308,1396943505
15300,1396943646
15288,1396943787
15303,1396943928
15303,1396944069
15312,1396944210
15317,1396944352
15309,1396944493
15302,1396944633
15295,1396944775
15297,1396944916
15293,1396945057
15303,1396945198
15303,1396945339
15302,1396945480
15297,1396945621
15298,1396945762
15304,1396945904
15317,1396946045
15302,1396946185
15294,1396946327
15301,1396946468
15288,1396946608
15297,1396946750
15304,1396946891
15303,1396947032
15295,1396947173
15300,1396947315
15298,1396947456
15300,1396947596
15318,1396947737
15304,1396947879
15293,1396948020
15299,1396948161
15299,1396948302
15301,1396948443
15302,1396948584
15293,1396948725
15316,1396948866
15336,1396949007
15310,1396949148
15309,1396949289
15303,1396949430
15306,1396949571
15318,1396949712
15306,1396949854
15334,1396949995
15307,1396950136
15299,1396950276
15308,1396950418
15310,1396950559
15287,1396950700
15300,1396950842
15336,1396950983
15317,1396951123
15309,1396951264
15314,1396951406
15300,1396951547
15293,1396951688
15313,1396951830
15328,1396951970
15322,1396952111
15297,1396952252
15303,1396952394
15296,1396952535
15300,1396952676
15296,1396952818
15305,1396952959
15335,1396953100
15310,1396953240
15309,1396953382
15314,1396953523
15313,1396953664
15304,1396953805
15325,1396953947
15336,1396954087
15303,1396954228
15305,1396954370
15309,1396954510
15291,1396954651
15303,1396954792
15304,1396954934
15350,1396955075
15306,1396955216
15309,1396955357
15314,1396955498
15297,1396955639
15309,1396955780
15295,1396955922
15342,1396956063
15319,1396956203
15303,1396956345
15306,1396956486
15304,1396956627
15300,1396956768
15310,1396956910
15307,1396957051
15310,1396957191
15302,1396957333
15304,1396957474
15295,1396957615
15301,1396957756
15318,1396957898
15300,1396958039
15302,1396958179
15315,1396958320
15324,1396958462
15281,1396958603
15315,1396958744
15307,1396958886
15309,1396959026
15318,1396959167
15302,1396959308
15296,1396959450
15303,1396959590
15310,1396959731
15313,1396959872
15296,1396960013
15308,1396960154
15301,1396960295
15310,1396960437
15298,1396960578
15302,1396960718
15299,1396960860
15305,1396961001
15295,1396961142
15301,1396961283
15303,1396961425
15306,1396961565
15303,1396961706
15311,1396961848
15315,1396961989
15300,1396962130
15302,1396962271
15298,1396962413
15310,1396962554
15300,1396962694
15316,1396962836
15302,1396962977
15314,1396963118
15310,1396963259
15287,1396963400
15309,1396963541
15305,1396963682
15284,1396963823
15317,1396963965
15288,1396964106
15314,1396964246
15301,1396964388
15317,1396964529
15325,1396964669
15297,1396964811
15285,1396964952
15310,1396965093
15320,1396965234
15324,1396965376
15297,1396965517
15308,1396965657
15308,1396965799
15300,1396965940
15303,1396966081
15326,1396966222
15324,1396966364
15311,1396966505
15302,1396966645
15324,1396966787
15288,1396966928
15306,1396967069
15330,1396967210
15329,1396967351
15319,1396967492
15307,1396967633
15299,1396967774
15332,1396967916
15302,1396968057
15287,1396968198
15332,1396968338
15299,1396968480
15307,1396968621
15310,1396968762
15310,1396968904
15311,1396969045
15312,1396969185
15344,1396969326
15329,1396969468
15304,1396969609
15307,1396969750
15301,1396969891
15296,1396970032
15304,1396970173
15339,1396970315
15305,1396970457
15315,1396970597
15305,1396970738
15308,1396970880
15322,1396971021
15312,1396971162
15333,1396971303
15326,1396971445
15301,1396971585
15310,1396971726
15305,1396971868
15290,1396972009
15306,1396972150
15320,1396972291
15335,1396972432
15314,1396972573
15301,1396972714
15313,1396972855
15316,1396972997
15294,1396973137
15305,1396973278
15309,1396973420
15303,1396973560
15305,1396973701
15307,1396973842
15305,1396973984
15297,1396974125
15297,1396974266
15299,1396974407
15290,1396974548
15301,1396974689
15320,1396974830
15297,1396974972
15308,1396975113
15307,1396975254
15297,1396975395
15315,1396975536
15299,1396975677
15304,1396975817
15304,1396975959
15291,1396976100
15310,1396976241
15301,1396976382
15301,1396976523
15290,1396976664
15305,1396976805
15293,1396976947
15296,1396977088
15307,1396977228
15319,1396977369
15317,1396977511
15305,1396977652
15293,1396977793
15309,1396977935
15291,1396978075
15300,1396978216
15306,1396978357
15297,1396978499
15280,1396978639
15303,1396978781
15300,1396978922
15312,1396979063
15304,1396979204
15300,1396979345
15303,1396979487
15297,1396979627
15304,1396979769
15322,1396979910
15302,1396980051
15312,1396980192
15306,1396980333
15307,1396980475
15309,1396980615
15300,1396980757
15310,1396980898
15313,1396981039
15303,1396981180
15301,1396981320
15321,1396981462
15340,1396981603
15314,1396981744
15316,1396981885
15304,1396982027
15309,1396982167
15302,1396982308
15312,1396982450
15313,1396982590
15306,1396982731
15305,1396982872
15303,1396983014
15301,1396983155
15303,1396983296
15304,1396983437
15320,1396983578
15321,1396983719
15304,1396983860
15321,1396984002
15302,1396984142
15315,1396984283
15302,1396984425
15354,1396984566
15312,1396984706
15312,1396984848
15292,1396984989
15302,1396985130
15307,1396985271
15294,1396985412
15338,1396985553
15328,1396985694
15298,1396985835
15308,1396985976
15316,1396986117
15301,1396986258
15295,1396986399
15331,1396986541
15324,1396986681
15310,1396986823
15307,1396986964
15311,1396987105
15299,1396987246
15298,1396987387
15315,1396987528
15346,1396987669
15315,1396987810
15296,1396987951
15307,1396988092
15300,1396988233
15313,1396988374
15302,1396988516
15353,1396988657
15320,1396988798
15304,1396988939
15305,1396989080
15306,1396989221
15297,1396989362
15305,1396989504
15302,1396989645
15310,1396989786
15306,1396989927
15304,1396990068
15310,1396990209
15309,1396990350
15299,1396990491
15304,1396990632
15302,1396990773
15314,1396990914
15306,1396991056
15304,1396991197
15307,1396991337
15301,1396991479
15300,1396991620
15309,1396991761
15289,1396991902
15309,1396992044
15307,1396992185
15308,1396992325
15305,1396992467
15303,1396992608
15315,1396992749
15296,1396992890
15316,1396993032
15302,1396993172
15320,1396993313
15300,1396993455
15317,1396993596
15290,1396993736
15311,1396993878
15302,1396994020
15296,1396994160
15315,1396994301
15292,1396994442
15305,1396994583
15287,1396994724
15303,1396994865
15297,1396995007
15309,1396995148
15305,1396995289
15302,1396995429
15309,1396995571
15280,1396995712
15301,1396995853
15318,1396995995
15294,1396996136
15291,1396996277
15300,1396996417
15300,1396996559
15261,1396996700
15297,1396996841
15302,1396996983
15331,1396997124
15307,1396997265
15289,1396997405
15291,1396997547
15320,1396997688
15343,1396997829
15309,1396997971
15322,1396998112
15315,1396998253
15313,1396998393
15328,1396998535
15301,1396998676
15350,1396998817
15332,1396998958
15330,1396999100
15310,1396999240
15298,1396999381
15293,1396999523
15300,1396999663
15334,1396999805
15322,1396999945
15296,1397000087
15311,1397000228
15301,1397000369
15295,1397000510
15318,1397000651
15340,1397000792
15323,1397000933
15312,1397001075
15312,1397001216
15302,1397001356
15305,1397001498
15307,1397001639
15315,1397001780
15338,1397001921
15317,1397002063
15310,1397002204
15295,1397002344
15318,1397002486
15308,1397002627
15299,1397002768
15326,1397002909
15314,1397003051
15316,1397003192
15289,1397003332
15300,1397003473
15313,1397003615
15303,1397003756
15346,1397003897
15328,1397004039
15327,1397004179
15305,1397004320
15295,1397004461
15322,1397004603
15299,1397004744
15329,1397004885
15331,1397005026
15304,1397005167
15314,1397005308
15296,1397005449
15313,1397005591
15298,1397005731
15308,1397005873
15303,1397006014
15295,1397006155
15308,1397006296
15298,1397006437
15301,1397006579
15310,1397006719
15296,1397006860
15303,1397007002
15309,1397007142
15305,1397007283
15296,1397007424
15305,1397007566
15308,1397007707
15300,1397007848
15307,1397007989
15310,1397008130
15311,1397008271
15302,1397008412
15306,1397008553
15292,1397008694
15304,1397008835
15309,1397008976
15298,1397009118
15296,1397009259
15319,1397009399
15299,1397009541
15295,1397009682
15309,1397009823
15290,1397009964
15295,1397010106
15291,1397010246
15300,1397010387
15291,1397010529
15315,1397010670
15306,1397010810
15310,1397010951
15294,1397011093
15309,1397011234
15307,1397011374
15307,1397011516
15309,1397011657
15309,1397011798
15291,1397011939
15299,1397012081
15293,1397012222
15302,1397012362
15300,1397012503
15305,1397012645
15294,1397012786
15308,1397012927
15305,1397013069
15309,1397013209
15305,1397013350
15317,1397013491
15296,1397013633
15297,1397013774
15313,1397013915
15346,1397014056
15318,1397014197
15318,1397014338
15298,1397014479
15310,1397014620
15309,1397014762
15306,1397014902
15317,1397015044
15334,1397015185
15310,1397015326
15303,1397015467
15311,1397015608
15306,1397015750
15290,1397015891
15313,1397016032
15340,1397016173
15309,1397016314
15306,1397016455
15307,1397016596
15311,1397016737
15299,1397016878
15314,1397017020
15337,1397017161
15317,1397017302
15299,1397017442
15300,1397017584
15319,1397017725
15293,1397017866
15318,1397018007
15335,1397018148
15312,1397018289
15311,1397018430
15295,1397018572
15301,1397018712
15309,1397018854
15309,1397018994
15328,1397019136
15318,1397019277
15312,1397019418
15303,1397019559
15313,1397019700
15306,1397019841
15300,1397019982
15323,1397020124
15327,1397020265
15313,1397020406
15307,1397020547
15293,1397020688
15316,1397020829
15306,1397020969
15325,1397021111
15338,1397021252
15317,1397021393
15301,1397021534
15303,1397021675
15315,1397021817
15312,1397021957
15312,1397022099
15299,1397022240
15303,1397022380
15312,1397022521
15312,1397022663
15290,1397022804
15303,1397022945
15306,1397023087
15296,1397023228
15300,1397023368
15296,1397023509
15310,1397023651
15314,1397023792
15284,1397023933
15300,1397024074
15337,1397024215
15304,1397024356
15308,1397024497
15322,1397024639
15344,1397024780
15303,1397024921
15322,1397025062
15314,1397025203
15312,1397025344
15297,1397025485
15335,1397025627
15301,1397025768
15295,1397025909
15301,1397026050
15310,1397026191
15302,1397026332
15305,1397026473
15311,1397026614
15296,1397026755
15304,1397026896
15333,1397027037
15268,1397027179
15314,1397027319
15299,1397027460
15304,1397027602
15306,1397027743
15283,1397027884
15319,1397028025
15309,1397028166
15295,1397028307
15324,1397028448
15301,1397028590
15299,1397028731
15306,1397028872
15308,1397029013
15295,1397029154
15303,1397029295
15306,1397029436
15310,1397029577
15306,1397029718
15306,1397029860
15307,1397030001
15307,1397030142
15314,1397030283
15338,1397030424
15308,1397030565
15305,1397030706
15303,1397030848
15308,1397030988
15315,1397031130
15314,1397031271
15339,1397031412
15321,1397031552
15309,1397031694
15298,1397031835
15309,1397031976
15306,1397032118
15299,1397032259
15347,1397032399
15320,1397032540
15314,1397032682
15303,1397032823
15297,1397032964
15312,1397033106
15313,1397033246
15331,1397033387
15325,1397033528
15311,1397033670
15321,1397033811
15299,1397033952
15303,1397034094
15315,1397034234
15323,1397034375
15330,1397034516
15324,1397034658
15313,1397034799
15318,1397034940
15297,1397035081
15312,1397035222
15329,1397035363
15352,1397035504
15312,1397035645
15284,1397035787
15295,1397035927
15307,1397036068
15302,1397036210
15311,1397036351
15344,1397036491
15312,1397036633
15306,1397036774
15304,1397036915
15305,1397037056
15305,1397037198
15308,1397037338
15354,1397037479
15320,1397037621
15300,1397037761
15305,1397037902
15313,1397038043
15319,1397038185
15300,1397038326
15304,1397038466
15304,1397038608
15288,1397038749
15312,1397038889
15297,1397039030
15313,1397039172
15300,1397039313
15309,1397039454
15296,1397039595
15318,1397039736
15299,1397039877
15315,1397040018
15294,1397040160
15303,1397040300
15302,1397040441
15307,1397040582
15306,1397040724
15315,1397040865
15295,1397041006
15320,1397041147
15306,1397041288
15311,1397041429
15294,1397041570
15294,1397041712
15316,1397041852
15311,1397041993
15303,1397042135
15303,1397042275
15295,1397042416
15310,1397042557
15305,1397042699
15304,1397042840
15311,1397042981
15301,1397043122
15302,1397043263
15318,1397043404
15303,1397043546
15304,1397043688
15304,1397043829
15313,1397043970
15301,1397044111
15307,1397044252
15307,1397044393
15302,1397044533
15303,1397044675
15302,1397044816
15296,1397044957
15302,1397045098
15308,1397045240
15306,1397045380
15307,1397045521
15313,1397045663
15298,1397045804
15302,1397045945
15299,1397046085
15323,1397046227
15303,1397046368
15287,1397046509
15346,1397046650
15310,1397046791
15300,1397046932
15304,1397047073
15317,1397047214
15312,1397047355
15289,1397047496
15339,1397047638
15312,1397047778
15315,1397047919
15313,1397048060
15292,1397048202
15310,1397048342
15304,1397048483
15328,1397048624
15336,1397048765
15308,1397048906
15310,1397049047
15296,1397049189
15307,1397049329
15310,1397049470
15324,1397049611
15340,1397049753
15312,1397049894
15307,1397050035
15287,1397050176
15301,1397050317
15308,1397050458
15313,1397050599
15339,1397050741
15317,1397050882
15307,1397051023
15306,1397051164
15298,1397051305
15290,1397051446
15307,1397051586
15359,1397051728
15315,1397051870
15323,1397052011
15300,1397052152
15299,1397052293
15306,1397052434
15309,1397052575
15336,1397052716
15312,1397052858
15315,1397052998
15331,1397053140
15301,1397053281
15296,1397053422
15297,1397053562
15334,1397053704
15348,1397053844
15305,1397053985
15292,1397054126
15309,1397054268
15318,1397054408
15287,1397054549
15310,1397054691
15313,1397054832
15296,1397054973
15314,1397055114
15322,1397055255
15327,1397055396
15324,1397055537
15314,1397055679
15303,1397055819
15318,1397055960
15313,1397056101
15304,1397056243
15320,1397056384
15312,1397056524
15323,1397056666
15303,1397056807
15297,1397056947
15314,1397057088
15293,1397057230
15314,1397057371
15329,1397057511
15313,1397057652
15299,1397057794
15308,1397057935
15310,1397058076
15305,1397058218
15295,1397058358
15315,1397058499
15299,1397058640
15311,1397058782
15311,1397058922
15303,1397059063
15293,1397059205
15303,1397059345
15296,1397059486
15299,1397059627
15302,1397059768
15301,1397059909
15303,1397060050
15307,1397060192
15303,1397060333
15303,1397060473
15310,1397060614
15322,1397060756
15307,1397060897
15305,1397061037
15305,1397061179
15312,1397061320
15307,1397061461
15306,1397061601
15297,1397061744
15306,1397061885
15309,1397062026
15306,1397062167
15306,1397062309
15311,1397062449
15301,1397062590
15309,1397062732
15341,1397062873
15328,1397063014
15304,1397063154
15310,1397063296
15314,1397063437
15307,1397063577
15318,1397063719
15312,1397063860
15337,1397064000
15308,1397064141
15305,1397064283
15316,1397064424
15295,1397064564
15311,1397064706
15312,1397064847
15337,1397064987
15327,1397065128
15304,1397065270
15299,1397065411
15305,1397065552
15312,1397065693
15300,1397065834
15354,1397065974
15313,1397066115
15300,1397066257
15307,1397066398
15300,1397066539
15308,1397066680
15305,1397066822
15335,1397066962
15322,1397067103
15306,1397067245
15320,1397067386
15310,1397067526
15307,1397067667
15307,1397067809
15344,1397067949
15329,1397068090
15315,1397068232
15311,1397068373
15302,1397068513
15298,1397068654
15302,1397068796
15315,1397068936
15348,1397069077
15309,1397069219
15316,1397069360
15301,1397069501
15306,1397069641
15314,1397069783
15319,1397069924
15344,1397070065
15318,1397070206
15315,1397070347
15320,1397070488
15308,1397070629
15313,1397070770
15307,1397070911
15300,1397071052
15300,1397071193
15299,1397071334
15306,1397071476
15296,1397071616
15295,1397071758
15308,1397071899
15305,1397072039
15295,1397072180
15301,1397072322
15309,1397072463
15312,1397072603
15312,1397072745
15315,1397072885
15300,1397073026
15306,1397073167
15313,1397073309
15318,1397073450
15315,1397073590
15296,1397073732
15308,1397073873
15299,1397074013
15312,1397074154
15305,1397074296
15293,1397074437
15309,1397074577
15304,1397074719
15289,1397074860
15307,1397075001
15306,1397075141
15307,1397075283
15309,1397075424
15302,1397075565
15312,1397075706
15302,1397075848
15296,1397075988
15299,1397076129
15307,1397076271
15300,1397076412
15305,1397076552
15297,1397076693
15295,1397076835
15293,1397076975
15309,1397077116
15309,1397077258
15297,1397077399
15307,1397077539
15306,1397077680
15299,1397077822
15298,1397077962
15318,1397078103
15306,1397078245
15301,1397078386
15298,1397078527
15301,1397078667
15297,1397078810
15292,1397078950
15308,1397079091
15349,1397079233
15315,1397079374
15310,1397079515
15318,1397079655
15295,1397079797
15300,1397079938
15292,1397080079
15338,1397080220
15312,1397080361
15303,1397080502
15315,1397080642
15305,1397080784
15295,1397080924
15321,1397081065
15330,1397081206
15321,1397081348
15296,1397081488
15302,1397081629
15315,1397081771
15308,1397081911
15315,1397082052
15332,1397082194
15344,1397082335
15326,1397082476
15299,1397082617
15305,1397082759
15299,1397082900
15297,1397083041
15306,1397083182
15337,1397083323
15310,1397083464
15322,1397083605
15298,1397083747
15299,1397083888
15290,1397084029
15298,1397084170
15365,1397084311
15330,1397084452
15278,1397084593
15305,1397084734
15317,1397084876
15299,1397085017
15294,1397085157
15352,1397085299
15315,1397085440
15297,1397085580
15305,1397085721
15287,1397085863
15297,1397086004
15289,1397086144
15327,1397086286
15318,1397086427
15308,1397086568
15306,1397086708
15327,1397086850
15317,1397086991
15303,1397087131
15305,1397087273
15324,1397087414
15286,1397087555
15302,1397087695
15303,1397087838
15281,1397087979
15312,1397088120
15311,1397088261
15288,1397088402
15303,1397088543
15286,1397088684
15312,1397088825
15311,1397088966
15283,1397089107
15293,1397089248
15316,1397089389
15293,1397089530
15306,1397089671
15297,1397089812
15286,1397089953
15307,1397090094
15292,1397090234
15299,1397090376
15312,1397090517
15297,1397090658
15313,1397090799
15278,1397090940
15297,1397091081
15310,1397091221
15294,1397091363
15304,1397091504
15311,1397091644
15311,1397091787
15308,1397091928
15319,1397092068
15307,1397092209
15306,1397092351
15310,1397092492
15303,1397092632
15298,1397092775
15303,1397092916
15315,1397093056
15309,1397093197
15303,1397093339
15304,1397093480
15311,1397093620
15302,1397093762
15310,1397093903
15300,1397094044
15303,1397094185
15315,1397094327
15303,1397094467
15309,1397094608
15312,1397094749
15307,1397094891
15303,1397095031
15318,1397095172
15297,1397095314
15334,1397095454
15323,1397095595
15306,1397095736
15322,1397095878
15311,1397096019
15309,1397096160
15324,1397096301
15333,1397096442
15324,1397096583
15319,1397096724
15303,1397096866
15311,1397097006
15311,1397097147
15324,1397097289
15317,1397097430
15339,1397097570
15304,1397097711
15320,1397097853
15304,1397097994
15303,1397098134
15303,1397098276
15318,1397098417
15330,1397098558
15331,1397098699
15304,1397098841
15305,1397098982
15302,1397099123
15290,1397099263
15295,1397099405
15350,1397099546
15333,1397099686
15320,1397099828
15303,1397099969
15309,1397100109
15295,1397100250
15306,1397100392
15327,1397100533
15317,1397100673
15313,1397100816
15300,1397100957
15309,1397101097
15300,1397101238
15308,1397101380
15337,1397101521
15314,1397101661
15325,1397101803
15308,1397101944
15302,1397102085
15310,1397102226
15287,1397102368
15322,1397102509
15337,1397102649
15317,1397102791
15295,1397102932
15312,1397103073
15314,1397103214
15299,1397103356
15319,1397103496
15314,1397103637
15303,1397103778
15295,1397103920
15305,1397104061
15295,1397104202
15312,1397104343
15292,1397104484
15307,1397104625
15291,1397104766
15293,1397104908
15298,1397105049
15307,1397105189
15294,1397105331
15308,1397105472
15308,1397105613
15304,1397105754
15294,1397105896
15310,1397106037
15305,1397106178
15307,1397106319
15303,1397106460
15311,1397106601
15307,1397106742
15299,1397106884
15299,1397107025
15299,1397107166
15297,1397107306
15303,1397107448
15309,1397107589
15306,1397107729
15312,1397107871
15312,1397108012
15317,1397108152
15305,1397108293
15291,1397108435
15310,1397108575
15317,1397108716
15316,1397108858
15306,1397108999
15307,1397109140
15306,1397109281
15315,1397109422
15297,1397109563
15298,1397109704
15309,1397109846
15297,1397109987
15307,1397110128
15309,1397110268
15304,1397110410
15314,1397110551
15300,1397110692
15301,1397110834
15295,1397110975
15305,1397111116
15312,1397111256
15323,1397111398
15312,1397111539
15328,1397111680
15340,1397111821
15317,1397111963
15309,1397112104
15300,1397112244
15302,1397112386
15306,1397112527
15285,1397112667
15331,1397112809
15311,1397112950
15303,1397113091
15318,1397113232
15298,1397113374
15305,1397113514
15328,1397113655
15345,1397113796
15330,1397113937
15321,1397114078
15353,1397114219
15313,1397114361
15323,1397114501
15291,1397114642
15357,1397114783
15323,1397114925
15309,1397115066
15310,1397115207
15313,1397115349
15317,1397115489
15332,1397115630
15320,1397115771
15351,1397115913
15300,1397116054
15287,1397116195
15302,1397116336
15307,1397116477
15309,1397116618
15300,1397116759
15339,1397116901
15350,1397117042
15306,1397117182
15298,1397117323
15306,1397117465
15293,1397117606
15315,1397117747
15347,1397117888
15314,1397118029
15300,1397118170
15298,1397118311
15293,1397118453
15300,1397118593
15311,1397118734
15345,1397118876
15313,1397119017
15312,1397119158
15328,1397119299
15302,1397119441
15306,1397119581
15306,1397119722
15306,1397119863
15292,1397120004
15312,1397120145
15314,1397120286
15306,1397120428
15301,1397120568
15317,1397120709
15317,1397120851
15306,1397120992
15311,1397121133
15307,1397121274
15305,1397121415
15297,1397121556
15300,1397121697
15300,1397121838
15309,1397121980
15294,1397122121
15302,1397122261
15311,1397122403
15308,1397122544
15310,1397122684
15307,1397122826
15302,1397122968
15310,1397123108
15312,1397123249
15303,1397123391
15305,1397123532
15312,1397123673
15300,1397123814
15320,1397123956
15305,1397124097
15307,1397124237
15302,1397124379
15311,1397124520
15298,1397124661
15303,1397124802
15300,1397124944
15302,1397125085
15309,1397125225
15316,1397125366
15310,1397125508
15295,1397125648
15309,1397125790
15309,1397125931
15281,1397126072
15300,1397126213
15303,1397126354
15309,1397126496
15319,1397126637
15297,1397126778
15300,1397126920
15299,1397127061
15299,1397127201
15317,1397127342
15304,1397127484
15301,1397127625
15312,1397127766
15303,1397127907
15352,1397128048
15319,1397128189
15303,1397128330
15295,1397128472
15308,1397128612
15300,1397128754
15300,1397128895
15329,1397129036
15332,1397129177
15298,1397129318
15308,1397129460
15312,1397129601
15302,1397129742
15317,1397129883
15337,1397130024
15340,1397130165
15319,1397130306
15310,1397130447
15310,1397130588
15304,1397130729
15323,1397130870
15319,1397131012
15344,1397131153
15321,1397131293
15314,1397131435
15312,1397131576
15317,1397131717
15296,1397131858
15317,1397132000
15340,1397132140
15313,1397132281
15304,1397132423
15303,1397132564
15292,1397132704
15293,1397132846
15305,1397132988
15342,1397133128
15307,1397133269
15307,1397133411
15302,1397133552
15312,1397133692
15301,1397133834
15306,1397133976
15327,1397134116
15322,1397134257
15309,1397134398
15316,1397134540
15295,1397134680
15298,1397134821
15308,1397134963
15335,1397135104
15325,1397135245
15311,1397135385
15316,1397135527
15297,1397135668
15301,1397135809
15310,1397135951
15300,1397136092
15319,1397136232
15291,1397136373
15305,1397136515
15295,1397136656
15305,1397136797
15313,1397136939
15301,1397137080
15316,1397137220
15303,1397137361
15302,1397137503
15306,1397137644
15301,1397137785
15305,1397137927
15320,1397138068
15298,1397138208
15308,1397138349
15309,1397138491
15312,1397138632
15303,1397138773
15306,1397138914
15293,1397139056
15312,1397139196
15309,1397139337
15303,1397139479
15313,1397139619
15296,1397139761
15302,1397139901
15317,1397140044
15304,1397140184
15306,1397140325
15331,1397140466
15309,1397140607
15311,1397140749
15304,1397140889
15311,1397141031
15308,1397141172
15308,1397141313
15297,1397141454
15302,1397141595
15296,1397141736
15312,1397141877
15311,1397142019
15316,1397142160
15308,1397142301
15301,1397142442
15306,1397142583
15310,1397142724
15302,1397142865
15294,1397143007
15303,1397143148
15300,1397143289
15296,1397143430
15304,1397143571
15305,1397143712
15333,1397143853
15313,1397143995
15310,1397144136
15340,1397144276
15310,1397144417
15302,1397144559
15304,1397144700
15304,1397144841
15310,1397144983
15288,1397145123
15298,1397145264
15338,1397145405
15334,1397145547
15302,1397145687
15323,1397145829
15306,1397145970
15311,1397146111
15325,1397146252
15351,1397146394
15321,1397146535
15299,1397146676
15314,1397146817
15294,1397146959
15316,1397147100
15302,1397147241
15328,1397147382
15321,1397147523
15304,1397147664
15341,1397147805
15302,1397147946
15301,1397148088
15310,1397148229
15337,1397148369
15329,1397148511
15316,1397148652
15318,1397148793
15312,1397148934
15310,1397149076
15310,1397149216
15338,1397149357
15334,1397149499
15316,1397149639
15302,1397149781
15306,1397149921
15306,1397150063
15321,1397150204
15326,1397150345
15341,1397150486
15310,1397150627
15308,1397150768
15304,1397150909
15313,1397151051
15311,1397151191
15327,1397151332
15344,1397151474
15313,1397151614
15306,1397151756
15301,1397151896
15293,1397152038
15305,1397152179
15304,1397152320
15299,1397152461
15302,1397152602
15294,1397152744
15295,1397152884
15313,1397153026
15304,1397153167
15312,1397153307
15310,1397153448
15298,1397153590
15298,1397153731
15306,1397153872
15302,1397154014
15325,1397154155
15305,1397154295
15303,1397154436
15308,1397154578
15303,1397154718
15304,1397154860
15308,1397155002
15307,1397155142
15303,1397155283
15305,1397155424
15307,1397155566
15320,1397155706
15296,1397155848
15320,1397155989
15291,1397156130
15312,1397156271
15301,1397156412
15294,1397156554
15299,1397156694
15312,1397156836
15305,1397156977
15312,1397157118
15308,1397157259
15303,1397157400
15310,1397157541
15310,1397157682
15307,1397157823
15315,1397157964
15310,1397158106
15301,1397158247
15323,1397158387
15319,1397158529
15312,1397158670
15307,1397158811
15305,1397158952
15317,1397159094
15303,1397159235
15309,1397159375
15299,1397159517
15297,1397159658
15310,1397159798
15305,1397159939
15312,1397160081
15314,1397160222
15298,1397160362
15324,1397160504
15355,1397160645
15315,1397160786
15313,1397160927
15313,1397161069
15318,1397161210
15321,1397161351
15303,1397161492
15340,1397161633
15313,1397161775
15310,1397161915
15305,1397162057
15299,1397162198
15313,1397162339
15300,1397162479
15332,1397162621
15317,1397162762
15313,1397162903
15311,1397163045
15304,1397163186
15307,1397163327
15293,1397163468
15342,1397163609
15332,1397163751
15311,1397163892
15312,1397164033
15299,1397164174
15317,1397164315
15300,1397164456
15337,1397164598
15336,1397164739
15320,1397164880
15305,1397165021
15303,1397165162
15309,1397165303
15294,1397165444
15313,1397165586
15336,1397165726
15330,1397165868
15323,1397166009
15305,1397166150
15312,1397166291
15288,1397166432
15299,1397166573
15363,1397166714
15313,1397166854
15312,1397166995
15313,1397167137
15305,1397167278
15307,1397167419
15314,1397167560
15340,1397167701
15324,1397167842
15301,1397167983
15309,1397168125
15310,1397168266
15309,1397168406
15299,1397168548
15303,1397168689
15311,1397168829
15316,1397168970
15307,1397169112
15316,1397169253
15308,1397169394
15294,1397169535
15298,1397169676
15310,1397169818
15308,1397169958
15320,1397170100
15291,1397170241
15312,1397170382
15311,1397170523
15311,1397170664
15318,1397170805
15304,1397170945
15319,1397171087
15307,1397171228
15322,1397171368
15307,1397171509
15303,1397171651
15310,1397171792
15299,1397171933
15307,1397172075
15302,1397172215
15300,1397172356
15318,1397172497
15311,1397172639
15292,1397172780
15319,1397172921
15297,1397173062
15313,1397173203
15311,1397173344
15319,1397173485
15303,1397173627
15300,1397173768
15318,1397173909
15313,1397174050
15301,1397174191
15316,1397174332
15314,1397174473
15304,1397174614
15317,1397174756
15302,1397174896
15319,1397175038
15275,1397175179
15300,1397175320
15314,1397175460
15344,1397175602
15311,1397175743
15304,1397175884
15297,1397176025
15295,1397176167
15307,1397176307
15276,1397176448
15303,1397176590
15305,1397176730
15329,1397176872
15320,1397177013
15315,1397177155
15314,1397177295
15310,1397177436
15305,1397177578
15286,1397177718
15379,1397177860
15329,1397178001
15319,1397178143
15309,1397178283
15310,1397178424
15304,1397178566
15306,1397178707
15340,1397178848
15330,1397178989
15308,1397179131
15299,1397179271
15289,1397179412
15311,1397179553
15296,1397179694
15329,1397179836
15341,1397179976
15320,1397180118
15309,1397180259
15299,1397180400
15313,1397180540
15307,1397180682
15313,1397180823
15353,1397180964
15307,1397181106
15324,1397181247
15305,1397181387
15303,1397181528
15312,1397181670
15305,1397181811
15346,1397181952
15332,1397182094
15320,1397182235
15299,1397182375
15330,1397182516
15303,1397182658
15302,1397182798
15336,1397182939
15317,1397183081
15306,1397183222
15306,1397183362
15306,1397183503
15297,1397183645
15300,1397183786
15336,1397183927
15334,1397184068
15307,1397184209
15312,1397184350
15299,1397184491
15292,1397184633
15308,1397184774
15306,1397184915
15307,1397185055
15312,1397185197
15305,1397185338
15325,1397185479
15318,1397185620
15309,1397185762
15314,1397185902
15302,1397186043
15307,1397186185
15314,1397186326
15312,1397186467
15317,1397186608
15310,1397186749
15305,1397186890
15309,1397187030
15327,1397187172
15298,1397187313
15304,1397187454
15294,1397187595
15307,1397187736
15307,1397187878
15297,1397188018
15312,1397188160
15301,1397188301
15302,1397188442
15305,1397188583
15301,1397188724
15295,1397188865
15314,1397189006
15301,1397189148
15298,1397189288
15302,1397189429
15315,1397189570
15310,1397189712
15297,1397189853
15302,1397189994
15296,1397190135
15300,1397190276
15297,1397190417
15314,1397190558
15310,1397190699
15305,1397190841
15292,1397190981
15302,1397191123
15324,1397191264
15303,1397191405
15305,1397191545
15305,1397191687
15295,1397191829
15308,1397191969
15304,1397192111
15294,1397192252
15311,1397192393
15325,1397192533
15306,1397192675
15301,1397192816
15295,1397192957
15324,1397193098
15322,1397193239
15325,1397193380
15305,1397193521
15312,1397193662
15306,1397193803
15307,1397193944
15325,1397194085
15334,1397194227
15327,1397194368
15318,1397194508
15300,1397194650
15311,1397194791
15305,1397194933
15314,1397195074
15340,1397195216
15331,1397195356
15325,1397195497
15310,1397195639
15289,1397195779
15305,1397195920
15303,1397196061
15339,1397196203
15316,1397196344
15315,1397196484
15306,1397196626
15301,1397196766
15307,1397196907
15309,1397197048
15347,1397197190
15322,1397197331
15329,1397197472
15315,1397197612
15300,1397197754
15306,1397197895
15322,1397198036
15328,1397198178
15321,1397198318
15320,1397198459
15308,1397198600
15316,1397198741
15301,1397198882
15310,1397199023
15321,1397199164
15332,1397199305
15313,1397199446
15307,1397199586
15312,1397199728
15306,1397199870
15305,1397200010
15305,1397200152
15353,1397200293
15305,1397200434
15330,1397200574
15315,1397200716
15308,1397200858
15310,1397200998
15302,1397201140
15327,1397201281
15314,1397201422
15293,1397201562
15309,1397201704
15298,1397201845
15308,1397201986
15304,1397202127
15295,1397202269
15311,1397202409
15307,1397202550
15319,1397202692
15310,1397202832
15311,1397202973
15310,1397203114
15314,1397203256
15313,1397203396
15304,1397203537
15309,1397203679
15290,1397203820
15298,1397203961
15293,1397204102
15314,1397204243
15301,1397204384
15287,1397204525
15295,1397204667
15293,1397204807
15296,1397204948
15297,1397205089
15312,1397205231
15303,1397205371
15317,1397205512
15288,1397205654
15310,1397205794
15287,1397205935
15314,1397206076
15307,1397206218
15315,1397206359
15293,1397206499
15308,1397206640
15314,1397206781
15284,1397206923
15315,1397207064
15326,1397207205
15321,1397207346
15335,1397207487
15301,1397207627
15286,1397207770
15312,1397207911
15302,1397208051
15312,1397208193
15291,1397208334
15308,1397208475
15307,1397208615
15329,1397208757
15306,1397208898
15308,1397209038
15330,1397209180
15305,1397209321
15326,1397209462
15319,1397209602
15304,1397209744
15308,1397209885
15300,1397210026
15322,1397210167
15312,1397210308
15359,1397210449
15324,1397210590
15310,1397210731
15294,1397210873
15307,1397211014
15302,1397211155
15309,1397211297
15348,1397211437
15338,1397211578
15305,1397211720
15315,1397211861
15303,1397212002
15300,1397212143
15302,1397212285
15310,1397212425
15334,1397212566
15313,1397212708
15318,1397212849
15294,1397212990
15307,1397213131
15310,1397213272
15319,1397213413
15344,1397213554
15317,1397213695
15307,1397213837
15312,1397213978
15321,1397214118
15307,1397214260
15309,1397214401
15351,1397214542
15306,1397214683
15319,1397214824
15301,1397214965
15307,1397215106
15308,1397215248
15305,1397215388
15351,1397215529
15306,1397215670
15298,1397215811
15321,1397215952
15301,1397216093
15298,1397216234
15298,1397216375
15338,1397216516
15324,1397216656
15299,1397216798
15305,1397216939
15308,1397217080
15313,1397217221
15314,1397217362
15309,1397217503
15308,1397217643
15314,1397217785
15308,1397217926
15299,1397218067
15313,1397218208
15305,1397218349
15306,1397218490
15314,1397218631
15315,1397218772
15312,1397218913
15309,1397219054
15309,1397219195
15307,1397219336
15294,1397219477
15295,1397219618
15311,1397219759
15301,1397219900
15306,1397220041
15303,1397220182
15312,1397220323
15300,1397220464
15312,1397220605
15304,1397220746
15299,1397220887
15293,1397221028
15319,1397221168
15314,1397221310
15293,1397221451
15309,1397221592
15298,1397221733
15303,1397221875
15306,1397222016
15307,1397222156
15301,1397222298
15312,1397222439
15311,1397222580
15319,1397222721
15296,1397222862
15315,1397223003
15290,1397223144
15302,1397223285
15314,1397223426
15321,1397223567
15303,1397223709
15297,1397223849
15306,1397223990
15304,1397224131
15311,1397224273
15310,1397224414
15315,1397224554
15313,1397224695
15306,1397224836
15297,1397224977
15294,1397225118
15314,1397225259
15314,1397225400
15302,1397225541
15322,1397225681
15324,1397225823
15326,1397225964
15319,1397226105
15307,1397226246
15313,1397226387
15312,1397226528
15329,1397226668
15326,1397226811
15312,1397226951
15304,1397227092
15298,1397227234
15309,1397227375
15320,1397227516
15320,1397227656
15333,1397227799
15320,1397227940
15312,1397228080
15312,1397228222
15305,1397228363
15296,1397228504
15322,1397228644
15345,1397228786
15323,1397228927
15319,1397229067
15313,1397229208
15320,1397229350
15313,1397229491
15306,1397229631
15339,1397229773
15324,1397229913
15304,1397230054
15314,1397230195
15310,1397230337
15309,1397230478
15301,1397230618
15341,1397230760
15334,1397230901
15307,1397231042
15297,1397231183
15306,1397231325
15310,1397231465
15317,1397231606
15342,1397231748
15341,1397231889
15300,1397232030
15295,1397232171
15302,1397232313
15298,1397232453
15309,1397232594
15291,1397232736
15343,1397232877
15319,1397233018
15314,1397233159
15312,1397233301
15311,1397233441
15312,1397233582
15325,1397233723
15317,1397233865
15288,1397234006
15305,1397234147
15337,1397234288
15313,1397234429
15302,1397234570
15320,1397234710
15311,1397234852
15312,1397234993
15298,1397235133
15295,1397235275
15325,1397235416
15301,1397235557
15305,1397235697
15297,1397235839
15350,1397235980
15312,1397236120
15302,1397236262
15310,1397236403
15309,1397236544
15297,1397236684
15302,1397236826
15311,1397236967
15308,1397237108
15313,1397237249
15291,1397237390
15318,1397237531
15310,1397237672
15289,1397237813
15278,1397237954
15306,1397238095
15314,1397238236
15331,1397238377
15318,1397238518
15304,1397238659
15301,1397238800
15310,1397238942
15305,1397239082
15314,1397239223
15303,1397239365
15321,1397239506
15295,1397239646
15313,1397239789
15314,1397239930
15305,1397240071
15314,1397240212
15299,1397240354
15308,1397240494
15310,1397240635
15295,1397240777
15312,1397240917
15305,1397241058
15311,1397241199
15320,1397241341
15306,1397241482
15302,1397241622
15320,1397241764
15309,1397241905
15352,1397242046
15305,1397242187
15307,1397242329
15304,1397242470
15299,1397242610
15316,1397242752
15313,1397242893
15339,1397243034
15324,1397243175
15327,1397243317
15305,1397243457
15313,1397243598
15310,1397243739
15304,1397243881
15344,1397244022
15321,1397244162
15315,1397244304
15308,1397244445
15307,1397244586
15306,1397244726
15302,1397244868
15336,1397245009
15316,1397245149
15313,1397245291
15314,1397245432
15324,1397245573
15295,1397245713
15306,1397245856
15346,1397245997
15333,1397246137
15327,1397246279
15306,1397246420
15309,1397246561
15306,1397246701
15313,1397246843
15324,1397246984
15340,1397247125
15327,1397247266
15300,1397247407
15311,1397247548
15297,1397247688
15298,1397247831
15317,1397247971
15341,1397248112
15324,1397248253
15323,1397248395
15303,1397248536
15314,1397248676
15311,1397248818
15310,1397248958
15352,1397249099
15312,1397249240
15324,1397249382
15308,1397249523
15304,1397249663
15301,1397249805
15314,1397249946
15315,1397250087
15300,1397250228
15285,1397250370
15308,1397250511
15316,1397250651
15301,1397250793
15320,1397250934
15300,1397251075
15304,1397251216
15322,1397251358
15300,1397251499
15313,1397251639
15301,1397251780
15307,1397251922
15298,1397252062
15324,1397252203
15302,1397252345
15309,1397252486
15306,1397252626
15297,1397252767
15314,1397252909
15298,1397253050
15310,1397253191
15324,1397253332
15314,1397253473
15320,1397253614
15296,1397253755
15299,1397253897
15310,1397254038
15299,1397254178
15304,1397254320
15315,1397254461
15320,1397254602
15311,1397254743
15301,1397254885
15298,1397255026
15306,1397255166
15310,1397255308
15308,1397255449
15319,1397255590
15303,1397255730
15306,1397255873
15311,1397256014
15302,1397256154
15310,1397256295
15313,1397256437
15303,1397256578
15311,1397256718
15311,1397256861
15317,1397257001
15313,1397257142
15313,1397257283
15310,1397257425
15319,1397257565
15298,1397257706
15310,1397257848
15315,1397257989
15307,1397258130
15363,1397258271
15325,1397258412
15306,1397258553
15298,1397258694
15309,1397258836
15310,1397258977
15305,1397259118
15336,1397259258
15307,1397259400
15331,1397259541
15310,1397259682
15324,1397259824
15297,1397259965
15303,1397260106
15320,1397260246
15322,1397260388
15319,1397260529
15297,1397260670
15314,1397260811
15315,1397260953
15309,1397261094
15334,1397261234
15337,1397261376
15313,1397261517
15317,1397261657
15294,1397261799
15313,1397261940
15304,1397262081
15298,1397262222
15342,1397262364
15321,1397262504
15324,1397262645
15310,1397262786
15305,1397262928
15298,1397263069
15286,1397263210
15343,1397263351
15317,1397263492
15331,1397263633
15311,1397263773
15290,1397263915
15328,1397264056
15321,1397264197
15346,1397264338
15316,1397264479
15302,1397264620
15308,1397264761
15309,1397264903
15313,1397265044
15313,1397265185
15332,1397265326
15327,1397265467
15314,1397265608
15303,1397265749
15304,1397265891
15317,1397266032
15301,1397266172
15308,1397266313
15300,1397266455
15307,1397266596
15306,1397266737
15316,1397266879
15308,1397267020
15306,1397267160
15296,1397267301
15302,1397267443
15304,1397267584
15298,1397267724
15327,1397267866
15304,1397268007
15297,1397268148
15310,1397268289
15322,1397268431
15308,1397268572
15314,1397268712
15293,1397268855
15314,1397268995
15309,1397269136
15286,1397269277
15306,1397269419
15313,1397269560
15303,1397269700
15312,1397269842
15302,1397269983
15308,1397270124
15302,1397270265
15307,1397270406
15308,1397270547
15315,1397270688
15301,1397270829
15314,1397270971
15309,1397271112
15312,1397271252
15305,1397271394
15310,1397271535
15314,1397271676
15318,1397271817
15310,1397271959
15306,1397272100
15328,1397272240
15315,1397272382
15330,1397272523
15306,1397272663
15309,1397272805
15301,1397272946
15304,1397273087
15318,1397273228
15303,1397273370
15300,1397273511
15310,1397273651
15308,1397273793
15304,1397273934
15313,1397274075
15303,1397274216
15312,1397274357
15336,1397274498
15329,1397274639
15320,1397274780
15296,1397274922
15318,1397275063
15315,1397275204
15295,1397275344
15324,1397275486
15332,1397275627
15308,1397275768
15313,1397275910
15312,1397276051
15300,1397276191
15306,1397276332
15328,1397276474
15350,1397276615
15316,1397276756
15311,1397276898
15305,1397277039
15299,1397277179
15331,1397277320
15307,1397277462
15343,1397277603
15318,1397277743
15314,1397277885
15304,1397278026
15310,1397278167
15307,1397278307
15308,1397278449
15335,1397278590
15323,1397278731
15324,1397278872
15309,1397279014
15308,1397279155
15306,1397279295
15307,1397279437
15323,1397279578
15329,1397279718
15328,1397279859
15311,1397280001
15303,1397280142
15311,1397280283
15314,1397280425
15314,1397280565
15334,1397280706
15306,1397280847
15300,1397280989
15302,1397281130
15316,1397281271
15311,1397281412
15328,1397281553
15346,1397281694
15320,1397281835
15326,1397281977
15310,1397282118
15292,1397282259
15315,1397282400
15300,1397282541
15315,1397282682
15313,1397282823
15304,1397282965
15312,1397283106
15312,1397283247
15301,1397283388
15310,1397283529
15302,1397283670
15304,1397283810
15304,1397283952
15309,1397284093
15310,1397284233
15314,1397284374
15296,1397284516
15307,1397284657
15306,1397284798
15309,1397284940
15300,1397285081
15309,1397285221
15298,1397285362
15301,1397285504
15307,1397285645
15317,1397285786
15313,1397285927
15306,1397286068
15315,1397286209
15317,1397286350
15304,1397286492
15311,1397286633
15308,1397286774
15321,1397286916
15307,1397287057
15306,1397287197
15306,1397287338
15307,1397287480
15299,1397287621
15322,1397287762
15307,1397287903
15311,1397288044
15304,1397288185
15305,1397288326
15302,1397288467
15317,1397288608
15301,1397288749
15311,1397288890
15302,1397289032
15306,1397289173
15309,1397289313
15302,1397289455
15307,1397289596
15318,1397289737
15325,1397289878
15314,1397290020
15325,1397290160
15327,1397290301
15305,1397290443
15301,1397290584
15318,1397290724
15342,1397290866
15302,1397291007
15316,1397291148
15316,1397291289
15309,1397291431
15297,1397291572
15314,1397291712
15347,1397291854
15330,1397291995
15305,1397292136
15302,1397292277
15315,1397292418
15303,1397292559
15320,1397292700
15365,1397292841
15317,1397292983
15306,1397293124
15303,1397293264
15307,1397293405
15315,1397293547
15296,1397293688
15329,1397293829
15329,1397293971
15287,1397294111
15315,1397294252
15304,1397294393
15279,1397294535
15316,1397294676
15329,1397294817
15345,1397294958
15328,1397295099
15309,1397295240
15284,1397295381
15306,1397295523
15313,1397295664
15317,1397295805
15339,1397295946
15319,1397296088
15312,1397296228
15297,1397296369
15311,1397296511
15312,1397296652
15340,1397296793
15336,1397296934
15339,1397297075
15303,1397297216
15339,1397297357
15294,1397297498
15312,1397297639
15292,1397297780
15347,1397297922
15322,1397298064
15321,1397298204
15309,1397298345
15303,1397298487
15324,1397298628
15302,1397298769
15319,1397298909
15324,1397299051
15298,1397299192
15307,1397299333
15307,1397299474
15306,1397299615
15307,1397299757
15314,1397299897
15317,1397300039
15301,1397300180
15302,1397300321
15317,1397300462
15298,1397300603
15310,1397300745
15310,1397300885
15302,1397301027
15318,1397301168
15316,1397301309
15303,1397301450
15310,1397301591
15305,1397301732
15316,1397301873
15301,1397302015
15303,1397302156
15297,1397302297
15310,1397302437
15313,1397302579
15300,1397302720
15297,1397302861
15297,1397303003
15311,1397303144
15308,1397303284
15299,1397303425
15308,1397303567
15298,1397303708
15308,1397303849
15298,1397303991
15294,1397304132
15306,1397304272
15309,1397304413
15311,1397304555
15306,1397304696
15302,1397304837
15314,1397304979
15295,1397305120
15307,1397305260
15310,1397305401
15299,1397305543
15311,1397305684
15306,1397305825
15307,1397305966
15327,1397306107
15310,1397306248
15304,1397306389
15308,1397306530
15302,1397306671
15300,1397306812
15300,1397306952
15338,1397307094
15333,1397307235
15308,1397307376
15304,1397307517
15302,1397307658
15307,1397307799
15309,1397307940
15347,1397308082
15325,1397308223
15326,1397308363
15300,1397308505
15300,1397308646
15309,1397308787
15307,1397308928
15318,1397309070
15341,1397309211
15305,1397309351
15313,1397309493
15323,1397309634
15306,1397309775
15311,1397309916
15330,1397310058
15347,1397310199
15324,1397310339
15314,1397310480
15302,1397310622
15330,1397310763
15307,1397310904
15307,1397311045
15343,1397311186
15316,1397311327
15319,1397311468
15311,1397311609
15298,1397311751
15312,1397311891
15310,1397312033
15347,1397312174
15314,1397312315
15310,1397312455
15295,1397312597
15290,1397312738
15308,1397312879
15311,1397313021
15338,1397313162
15327,1397313303
15313,1397313443
15303,1397313585
15306,1397313726
15318,1397313867
15302,1397314009
15340,1397314150
15329,1397314291
15313,1397314431
15321,1397314573
15316,1397314714
15305,1397314855
15303,1397314996
15324,1397315138
15316,1397315278
15304,1397315419
15301,1397315561
15320,1397315701
15304,1397315843
15309,1397315983
15305,1397316125
15317,1397316266
15323,1397316407
15308,1397316548
15318,1397316689
15311,1397316830
15307,1397316971
15308,1397317113
15307,1397317254
15312,1397317395
15304,1397317537
15308,1397317678
15312,1397317818
15314,1397317959
15294,1397318101
15306,1397318242
15309,1397318382
15301,1397318524
15312,1397318665
15299,1397318806
15308,1397318947
15315,1397319089
15308,1397319230
15308,1397319370
15294,1397319511
15305,1397319653
15308,1397319794
15294,1397319935
15310,1397320077
15311,1397320217
15307,1397320358
15314,1397320499
15320,1397320641
15292,1397320782
15307,1397320923
15296,1397321064
15290,1397321205
15307,1397321346
15314,1397321486
15313,1397321628
15303,1397321770
15305,1397321910
15330,1397322052
15307,1397322193
15309,1397322334
15283,1397322474
15304,1397322616
15308,1397322758
15303,1397322898
15306,1397323040
15313,1397323181
15331,1397323322
15331,1397323463
15308,1397323604
15313,1397323746
15289,1397323886
15300,1397324028
15304,1397324169
15317,1397324310
15337,1397324450
15296,1397324592
15316,1397324733
15276,1397324874
15325,1397325015
15299,1397325156
15315,1397325297
15334,1397325438
15316,1397325580
15303,1397325720
15315,1397325862
15306,1397326002
15318,1397326144
15299,1397326285
15355,1397326426
15328,1397326567
15316,1397326708
15347,1397326850
15325,1397326990
15326,1397327132
15305,1397327273
15336,1397327414
15338,1397327555
15316,1397327696
15306,1397327837
15315,1397327977
15298,1397328119
15329,1397328260
15326,1397328401
15344,1397328542
15301,1397328683
15327,1397328824
15314,1397328965
15294,1397329107
15303,1397329248
15317,1397329388
15351,1397329529
15308,1397329671
15310,1397329812
15312,1397329953
15321,1397330095
15305,1397330235
15315,1397330376
15349,1397330517
15323,1397330659
15318,1397330800
15326,1397330941
15311,1397331083
15303,1397331223
15296,1397331364
15304,1397331505
15294,1397331647
15317,1397331788
15305,1397331929
15307,1397332071
15303,1397332211
15294,1397332352
15299,1397332493
15321,1397332635
15307,1397332776
15311,1397332917
15297,1397333058
15320,1397333199
15305,1397333340
15307,1397333481
15304,1397333622
15308,1397333764
15306,1397333904
15301,1397334045
15307,1397334187
15310,1397334328
15303,1397334468
15312,1397334610
15306,1397334751
15303,1397334893
15303,1397335034
15306,1397335175
15318,1397335316
15294,1397335457
15308,1397335599
15307,1397335739
15309,1397335880
15305,1397336021
15311,1397336163
15303,1397336303
15310,1397336444
15309,1397336586
15316,1397336727
15314,1397336868
15322,1397337009
15311,1397337150
15297,1397337291
15311,1397337432
15299,1397337573
15307,1397337714
15301,1397337855
15323,1397337996
15305,1397338137
15306,1397338278
15305,1397338419
15305,1397338560
15315,1397338702
15306,1397338843
15316,1397338983
15297,1397339125
15304,1397339266
15308,1397339407
15318,1397339547
15340,1397339689
15317,1397339831
15308,1397339971
15317,1397340113
15313,1397340254
15309,1397340395
15309,1397340535
15348,1397340677
15316,1397340819
15305,1397340959
15320,1397341101
15302,1397341242
15316,1397341383
15306,1397341523
15343,1397341665
15327,1397341807
15312,1397341947
15318,1397342088
15306,1397342230
15303,1397342370
15309,1397342511
15329,1397342653
15335,1397342793
15323,1397342934
15314,1397343075
15295,1397343216
15306,1397343357
15290,1397343498
15321,1397343639
15341,1397343781
15322,1397343921
15311,1397344062
15310,1397344204
15307,1397344345
15316,1397344486
15314,1397344627
15343,1397344768
15300,1397344909
15316,1397345050
15300,1397345191
15305,1397345332
15290,1397345473
15295,1397345615
15346,1397345756
15320,1397345897
15302,1397346038
15311,1397346179
15303,1397346320
15291,1397346461
15315,1397346602
15330,1397346743
15326,1397346884
15321,1397347025
15303,1397347166
15308,1397347307
15309,1397347448
15306,1397347589
15303,1397347730
15324,1397347872
15311,1397348013
15296,1397348154
15323,1397348295
15314,1397348436
15311,1397348576
15309,1397348718
15312,1397348860
15305,1397349000
15308,1397349142
15303,1397349283
15304,1397349424
15306,1397349564
15310,1397349706
15305,1397349848
15311,1397349988
15316,1397350130
15303,1397350271
15302,1397350412
15311,1397350553
15307,1397350694
15309,1397350835
15308,1397350976
15299,1397351117
15318,1397351258
15301,1397351399
15303,1397351540
15310,1397351681
15295,1397351823
15309,1397351963
15307,1397352104
15301,1397352246
15311,1397352387
15296,1397352527
15319,1397352669
15307,1397352810
15309,1397352951
15312,1397353092
15311,1397353234
15319,1397353374
15309,1397353515
15305,1397353657
15288,1397353798
15291,1397353938
15305,1397354079
15293,1397354221
15309,1397354362
15301,1397354502
15330,1397354644
15333,1397354785
15270,1397354925
15292,1397355066
15301,1397355208
15320,1397355349
15302,1397355490
15303,1397355631
15284,1397355772
15339,1397355913
15317,1397356053
15310,1397356195
15314,1397356336
15295,1397356476
15316,1397356617
15314,1397356759
15346,1397356900
15324,1397357040
15276,1397357182
15304,1397357323
15328,1397357463
15311,1397357604
15315,1397357746
15334,1397357887
15358,1397358027
15317,1397358169
15319,1397358310
15295,1397358451
15310,1397358591
15302,1397358734
15305,1397358875
15344,1397359015
15305,1397359157
15313,1397359298
15332,1397359439
15311,1397359579
15310,1397359721
15312,1397359862
15345,1397360003
15330,1397360144
15312,1397360286
15306,1397360426
15309,1397360567
15316,1397360709
15295,1397360850
15339,1397360991
15323,1397361131
15313,1397361273
15320,1397361414
15302,1397361555
15312,1397361696
15310,1397361838
15342,1397361978
15316,1397362119
15311,1397362261
15312,1397362402
15292,1397362543
15313,1397362684
15300,1397362826
15318,1397362966
15339,1397363107
15319,1397363249
15308,1397363390
15303,1397363530
15312,1397363672
15324,1397363813
15311,1397363953
15294,1397364094
15307,1397364236
15297,1397364377
15311,1397364518
15294,1397364659
15316,1397364800
15310,1397364941
15307,1397365081
15304,1397365223
15300,1397365364
15319,1397365505
15308,1397365645
15313,1397365787
15300,1397365928
15309,1397366069
15301,1397366210
15308,1397366351
15307,1397366492
15311,1397366632
15305,1397366774
15305,1397366915
15298,1397367055
15297,1397367197
15312,1397367338
15300,1397367479
15307,1397367619
15310,1397367762
15309,1397367903
15317,1397368044
15305,1397368185
15312,1397368326
15307,1397368467
15280,1397368607
15299,1397368750
15298,1397368891
15310,1397369031
15308,1397369172
15301,1397369314
15302,1397369455
15300,1397369595
15308,1397369737
15314,1397369877
15305,1397370018
15306,1397370159
15303,1397370301
15303,1397370441
15324,1397370582
15315,1397370724
15303,1397370865
15289,1397371006
15308,1397371147
15308,1397371288
15309,1397371429
15303,1397371570
15312,1397371712
15295,1397371852
15308,1397371993
15311,1397372134
15342,1397372276
15324,1397372416
15310,1397372557
15311,1397372699
15315,1397372839
15298,1397372980
15329,1397373121
15334,1397373263
15312,1397373404
15306,1397373544
15292,1397373685
15316,1397373827
15301,1397373968
15309,1397374109
15353,1397374251
15326,1397374391
15309,1397374532
15304,1397374673
15298,1397374814
15314,1397374955
15310,1397375096
15330,1397375237
15320,1397375378
15323,1397375519
15315,1397375660
15294,1397375801
15311,1397375942
15303,1397376083
15326,1397376224
15328,1397376365
15323,1397376506
15308,1397376647
15311,1397376789
15305,1397376929
15303,1397377070
15321,1397377212
15332,1397377353
15316,1397377494
15303,1397377634
15314,1397377776
15306,1397377917
15314,1397378058
15312,1397378198
15349,1397378340
15310,1397378481
15325,1397378621
15309,1397378763
15314,1397378904
15295,1397379045
15315,1397379186
15333,1397379327
15320,1397379468
15313,1397379609
15311,1397379750
15309,1397379891
15302,1397380032
15314,1397380173
15313,1397380314
15300,1397380455
15313,1397380596
15299,1397380738
15317,1397380879
15316,1397381020
15313,1397381160
15310,1397381302
15312,1397381443
15295,1397381584
15304,1397381725
15292,1397381867
15321,1397382008
15298,1397382149
15306,1397382290
15303,1397382431
15313,1397382572
15303,1397382713
15311,1397382855
15319,1397382996
15298,1397383136
15318,1397383278
15309,1397383419
15296,1397383559
15333,1397383700
15315,1397383842
15308,1397383983
15328,1397384123
15311,1397384265
15314,1397384406
15319,1397384546
15313,1397384687
15308,1397384829
15310,1397384969
15315,1397385110
15297,1397385253
15321,1397385394
15315,1397385534
15302,1397385675
15316,1397385817
15314,1397385958
15301,1397386098
15292,1397386240
15297,1397386381
15317,1397386522
15329,1397386662
15313,1397386805
15304,1397386946
15314,1397387086
15301,1397387227
15310,1397387369
15320,1397387510
15309,1397387650
15314,1397387792
15322,1397387932
15282,1397388073
15273,1397388214
15329,1397388356
15357,1397388496
15312,1397388637
15326,1397388778
15305,1397388919
15312,1397389060
15312,1397389201
15302,1397389342
15336,1397389483
15320,1397389624
15308,1397389766
15313,1397389907
15302,1397390048
15312,1397390189
15316,1397390331
15338,1397390471
15322,1397390612
15327,1397390754
15318,1397390895
15308,1397391036
15308,1397391177
15298,1397391319
15305,1397391459
15337,1397391600
15308,1397391742
15307,1397391883
15305,1397392024
15313,1397392165
15306,1397392306
15321,1397392447
15359,1397392588
15312,1397392728
15319,1397392871
15309,1397393012
15317,1397393153
15310,1397393294
15302,1397393435
15346,1397393576
15318,1397393716
15306,1397393858
15302,1397393999
15306,1397394139
15301,1397394281
15306,1397394422
15342,1397394563
15328,1397394703
15323,1397394846
15304,1397394987
15310,1397395128
15310,1397395269
15320,1397395410
15324,1397395551
15335,1397395692
15318,1397395834
15309,1397395975
15290,1397396116
15304,1397396257
15318,1397396399
15306,1397396539
15315,1397396680
15314,1397396821
15303,1397396962
15302,1397397103
15311,1397397244
15320,1397397385
15308,1397397526
15285,1397397667
15309,1397397809
15306,1397397950
15302,1397398091
15296,1397398231
15295,1397398373
15311,1397398514
15303,1397398655
15309,1397398796
15295,1397398937
15309,1397399078
15304,1397399218
15297,1397399360
15311,1397399501
15301,1397399642
15307,1397399784
15301,1397399925
15318,1397400066
15329,1397400206
15301,1397400348
15303,1397400489
15308,1397400630
15316,1397400771
15323,1397400913
15300,1397401054
15293,1397401194
15301,1397401336
15311,1397401477
15286,1397401617
15313,1397401759
15300,1397401901
15307,1397402041
15315,1397402182
15320,1397402324
15310,1397402464
15299,1397402605
15294,1397402746
15305,1397402888
15304,1397403029
15304,1397403170
15310,1397403312
15302,1397403452
15303,1397403593
15307,1397403734
15310,1397403876
15298,1397404017
15321,1397404158
15312,1397404300
15306,1397404440
15293,1397404581
15337,1397404722
15331,1397404864
15303,1397405004
15309,1397405145
15304,1397405286
15312,1397405427
15305,1397405568
15321,1397405709
15349,1397405850
15307,1397405991
15296,1397406132
15300,1397406272
15302,1397406414
15309,1397406555
15312,1397406696
15357,1397406838
15320,1397406979
15312,1397407119
15299,1397407260
15311,1397407402
15307,1397407543
15310,1397407683
15344,1397407825
15336,1397407966
15305,1397408107
15307,1397408248
15307,1397408390
15308,1397408531
15293,1397408671
15337,1397408813
15323,1397408954
15300,1397409095
15323,1397409236
15304,1397409378
15310,1397409518
15306,1397409659
15330,1397409801
15336,1397409942
15316,1397410083
15319,1397410224
15323,1397410365
15294,1397410506
15308,1397410647
15326,1397410788
15342,1397410930
15325,1397411071
15307,1397411211
15309,1397411353
15308,1397411494
15317,1397411635
15321,1397411776
15339,1397411918
15326,1397412059
15315,1397412199
15292,1397412341
15315,1397412482
15293,1397412623
15298,1397412764
15289,1397412906
15296,1397413047
15314,1397413187
15297,1397413329
15315,1397413470
15316,1397413610
15316,1397413752
15298,1397413894
15310,1397414035
15324,1397414175
15309,1397414316
15310,1397414458
15312,1397414598
15299,1397414739
15316,1397414881
15317,1397415022
15320,1397415163
15307,1397415303
15307,1397415445
15302,1397415586
15302,1397415726
15304,1397415869
15296,1397416010
15328,1397416150
15295,1397416291
15304,1397416433
15300,1397416573
15321,1397416714
15308,1397416856
15298,1397416997
15294,1397417138
15286,1397417279
15328,1397417421
15315,1397417561
15314,1397417702
15322,1397417843
15311,1397417984
15316,1397418125
15307,1397418266
15303,1397418408
15308,1397418548
15310,1397418689
15309,1397418831
15308,1397418972
15309,1397419113
15300,1397419254
15298,1397419395
15301,1397419536
15300,1397419677
15322,1397419818
15296,1397419960
15313,1397420101
15308,1397420242
15301,1397420383
15300,1397420524
15309,1397420665
15297,1397420805
15325,1397420947
15346,1397421088
15317,1397421229
15311,1397421370
15310,1397421511
15308,1397421652
15304,1397421793
15299,1397421935
15350,1397422076
15324,1397422217
15317,1397422358
15308,1397422499
15302,1397422640
15310,1397422781
15316,1397422923
15333,1397423064
15318,1397423205
15314,1397423346
15311,1397423487
15317,1397423628
15314,1397423768
15301,1397423910
15329,1397424051
15328,1397424191
15299,1397424332
15334,1397424474
15302,1397424615
15310,1397424755
15330,1397424897
15324,1397425038
15344,1397425178
15333,1397425319
15306,1397425461
15306,1397425601
15317,1397425743
15308,1397425884
15315,1397426025
15352,1397426166
15323,1397426307
15328,1397426449
15317,1397426589
15300,1397426731
15310,1397426872
15315,1397427013
15352,1397427154
15321,1397427295
15315,1397427437
15296,1397427577
15319,1397427718
15312,1397427860
15302,1397428001
15331,1397428142
15322,1397428283
15319,1397428424
15299,1397428565
15308,1397428706
15305,1397428847
15309,1397428989
15303,1397429130
15305,1397429270
15319,1397429412
15315,1397429553
15309,1397429694
15296,1397429835
15303,1397429977
15327,1397430118
15307,1397430258
15307,1397430400
15302,1397430541
15316,1397430682
15305,1397430823
15312,1397430965
15303,1397431106
15305,1397431246
15316,1397431388
15310,1397431529
15308,1397431670
15321,1397431811
15312,1397431953
15306,1397432094
15301,1397432235
15298,1397432375
15315,1397432517
15311,1397432658
15319,1397432799
15311,1397432940
15301,1397433081
15319,1397433222
15312,1397433363
15295,1397433504
15305,1397433645
15314,1397433786
15317,1397433928
15306,1397434069
15308,1397434210
15306,1397434350
15298,1397434492
15306,1397434633
15310,1397434773
15299,1397434915
15307,1397435056
15312,1397435197
15313,1397435337
15295,1397435479
15299,1397435620
15302,1397435761
15307,1397435903
15297,1397436044
15305,1397436185
15300,1397436325
15309,1397436467
15304,1397436608
15301,1397436749
15305,1397436890
15289,1397437032
15303,1397437173
15354,1397437313
15310,1397437455
15314,1397437596
15295,1397437737
15316,1397437878
15295,1397438020
15299,1397438160
15323,1397438301
15328,1397438443
15302,1397438583
15304,1397438724
15299,1397438865
15297,1397439007
15313,1397439147
15316,1397439288
15339,1397439430
15314,1397439571
15307,1397439711
15306,1397439853
15294,1397439995
15304,1397440136
15317,1397440276
15343,1397440418
15313,1397440559
15312,1397440700
15305,1397440841
15298,1397440983
15299,1397441124
15304,1397441264
15343,1397441405
15326,1397441547
15316,1397441687
15313,1397441828
15299,1397441970
15291,1397442111
15297,1397442252
15356,1397442392
15319,1397442534
15310,1397442675
15309,1397442816
15306,1397442958
15313,1397443099
15298,1397443239
15330,1397443380
15326,1397443522
15308,1397443663
15305,1397443804
15308,1397443946
15313,1397444087
15316,1397444227
15324,1397444368
15314,1397444510
15304,1397444651
15315,1397444791
15336,1397444933
15323,1397445074
15321,1397445215
15305,1397445355
15339,1397445497
15304,1397445638
15311,1397445779
15286,1397445920
15301,1397446062
15328,1397446203
15304,1397446343
15278,1397446485
15315,1397446626
15304,1397446767
15303,1397446908
15308,1397447050
15287,1397447190
15307,1397447331
15302,1397447473
15273,1397447613
15308,1397447754
15319,1397447895
15311,1397448037
15308,1397448177
15314,1397448318
15312,1397448460
15314,1397448601
15298,1397448742
15299,1397448883
15308,1397449025
15308,1397449165
15317,1397449306
15316,1397449448
15302,1397449589
15324,1397449731
15311,1397449871
15310,1397450014
15298,1397450154
15311,1397450295
15305,1397450436
15303,1397450577
15300,1397450718
15315,1397450859
15306,1397451001
15306,1397451142
15311,1397451282
15314,1397451423
15297,1397451565
15311,1397451706
15290,1397451847
15303,1397451988
15295,1397452129
15308,1397452270
15315,1397452411
15303,1397452553
15307,1397452693
15308,1397452835
15307,1397452976
15315,1397453117
15305,1397453258
15321,1397453399
15321,1397453540
15337,1397453681
15298,1397453822
15313,1397453964
15311,1397454105
15311,1397454246
15308,1397454387
15299,1397454528
15356,1397454669
15309,1397454810
15295,1397454951
15298,1397455092
15313,1397455233
15317,1397455374
15304,1397455515
15365,1397455656
15324,1397455797
15321,1397455938
15313,1397456080
15323,1397456221
15305,1397456361
15307,1397456503
15345,1397456644
15330,1397456785
15321,1397456926
15315,1397457068
15312,1397457209
15311,1397457350
15305,1397457492
15329,1397457633
15334,1397457774
15306,1397457915
15306,1397458057
15309,1397458197
15310,1397458338
15294,1397458480
15323,1397458621
15340,1397458762
15315,1397458903
15299,1397459045
15306,1397459186
15307,1397459326
15308,1397459467
15327,1397459609
15335,1397459750
15313,1397459890
15298,1397460032
15309,1397460173
15296,1397460314
15309,1397460454
15307,1397460596
15356,1397460737
15314,1397460878
15309,1397461020
15307,1397461161
15309,1397461301
15305,1397461442
15304,1397461584
15289,1397461725
15305,1397461867
15311,1397462008
15293,1397462149
15314,1397462290
15313,1397462431
15315,1397462573
15317,1397462713
15310,1397462855
15307,1397462996
15295,1397463137
15305,1397463278
15312,1397463419
15322,1397463561
15310,1397463701
15298,1397463843
15310,1397463984
15305,1397464125
15310,1397464266
15318,1397464407
15296,1397464548
15304,1397464689
15318,1397464830
15307,1397464971
15309,1397465113
15303,1397465254
15301,1397465395
15293,1397465536
15303,1397465677
15316,1397465818
15297,1397465959
15302,1397466101
15299,1397466242
15299,1397466382
15308,1397466524
15317,1397466665
15286,1397466806
15298,1397466947
15297,1397467089
15309,1397467230
15307,1397467370
15312,1397467512
15307,1397467653
15308,1397467794
15287,1397467935
15309,1397468077
15308,1397468218
15300,1397468359
15304,1397468500
15310,1397468641
15325,1397468782
15311,1397468923
15310,1397469065
15308,1397469205
15330,1397469346
15306,1397469487
15308,1397469628
15305,1397469770
15345,1397469910
15301,1397470052
15308,1397470193
15307,1397470334
15310,1397470474
15317,1397470616
15315,1397470757
15339,1397470898
15315,1397471040
15311,1397471181
15292,1397471321
15299,1397471462
15326,1397471604
15295,1397471745
15329,1397471886
15323,1397472028
15318,1397472169
15302,1397472309
15299,1397472450
15294,1397472592
15305,1397472733
15301,1397472874
15348,1397473015
15308,1397473156
15294,1397473297
15308,1397473438
15308,1397473580
15305,1397473720
15319,1397473862
15305,1397474002
15303,1397474144
15329,1397474285
15290,1397474426
15304,1397474567
15295,1397474708
15349,1397474849
15350,1397474990
15300,1397475132
15313,1397475273
15317,1397475413
15307,1397475555
15304,1397475696
15299,1397475837
15350,1397475978
15318,1397476120
15312,1397476261
15307,1397476401
15312,1397476543
15314,1397476684
15318,1397476825
15326,1397476966
15332,1397477108
15323,1397477249
15315,1397477389
15307,1397477530
15287,1397477672
15309,1397477813
15305,1397477954
15301,1397478095
15299,1397478237
15326,1397478378
15309,1397478518
15319,1397478660
15319,1397478801
15294,1397478942
15322,1397479084
15304,1397479225
15314,1397479365
15314,1397479506
15319,1397479648
15307,1397479789
15314,1397479930
15299,1397480071
15317,1397480212
15306,1397480353
15292,1397480494
15301,1397480636
15302,1397480777
15300,1397480918
15308,1397481059
15309,1397481200
15304,1397481341
15287,1397481482
15309,1397481623
15304,1397481765
15305,1397481905
15310,1397482047
15302,1397482188
15317,1397482329
15304,1397482470
15294,1397482611
15299,1397482753
15298,1397482893
15310,1397483034
15311,1397483176
15330,1397483317
15315,1397483457
15301,1397483599
15295,1397483740
15309,1397483880
15307,1397484021
15327,1397484163
15300,1397484304
15297,1397484444
15301,1397484586
15304,1397484727
15307,1397484868
15306,1397485009
15300,1397485151
15314,1397485292
15308,1397485432
15300,1397485574
15304,1397485715
15302,1397485856
15314,1397485997
15340,1397486139
15316,1397486280
15309,1397486420
15308,1397486561
15312,1397486703
15320,1397486844
15298,1397486985
15332,1397487126
15337,1397487267
15311,1397487408
15320,1397487549
15297,1397487690
15310,1397487832
15307,1397487972
15315,1397488114
15352,1397488255
15307,1397488396
15296,1397488537
15313,1397488679
15298,1397488820
15317,1397488961
15314,1397489103
15350,1397489244
15322,1397489384
15301,1397489525
15306,1397489667
15299,1397489808
15308,1397489949
15301,1397490091
15353,1397490232
15322,1397490372
15304,1397490513
15306,1397490655
15290,1397490796
15318,1397490937
15311,1397491078
15340,1397491219
15324,1397491360
15300,1397491501
15301,1397491642
15310,1397491784
15308,1397491924
15300,1397492065
15323,1397492207
15335,1397492348
15319,1397492489
15307,1397492630
15298,1397492771
15318,1397492912
15292,1397493053
15323,1397493195
15347,1397493336
15310,1397493476
15309,1397493618
15300,1397493759
15308,1397493899
15306,1397494040
15290,1397494182
15320,1397494323
15312,1397494464
15306,1397494605
15314,1397494747
15312,1397494887
15300,1397495028
15308,1397495170
15301,1397495311
15303,1397495452
15316,1397495593
15321,1397495734
15299,1397495874
15314,1397496015
15297,1397496157
15305,1397496298
15309,1397496438
15310,1397496579
15304,1397496721
15300,1397496862
15303,1397497003
15305,1397497145
15301,1397497285
15302,1397497426
15308,1397497567
15287,1397497708
15294,1397497850
15313,1397497991
15310,1397498132
15302,1397498273
15313,1397498414
15309,1397498555
15297,1397498696
15305,1397498838
15306,1397498978
15302,1397499120
15300,1397499261
15297,1397499402
15305,1397499543
15305,1397499684
15308,1397499826
15307,1397499966
15308,1397500107
15300,1397500249
15307,1397500390
15296,1397500530
15302,1397500672
15306,1397500813
15306,1397500954
15295,1397501095
15320,1397501237
15308,1397501377
15312,1397501518
15300,1397501660
15316,1397501801
15308,1397501942
15305,1397502083
15306,1397502224
15313,1397502365
15344,1397502506
15306,1397502648
15303,1397502788
15313,1397502929
15300,1397503070
15304,1397503212
15315,1397503352
15346,1397503493
15328,1397503635
15312,1397503775
15315,1397503916
15305,1397504057
15314,1397504199
15291,1397504340
15340,1397504480
15367,1397504621
15307,1397504763
15307,1397504903
15313,1397505044
15308,1397505186
15291,1397505326
15323,1397505467
15325,1397505608
15311,1397505750
15311,1397505891
15305,1397506032
15311,1397506173
15295,1397506314
15320,1397506455
15310,1397506595
15295,1397506737
15304,1397506878
15318,1397507019
15289,1397507160
15324,1397507301
15317,1397507442
15330,1397507583
15293,1397507724
15318,1397507866
15321,1397508007
15294,1397508148
15322,1397508289
15308,1397508430
15352,1397508571
15323,1397508712
15297,1397508854
15306,1397508994
15294,1397509135
15321,1397509277
15310,1397509418
15342,1397509558
15323,1397509700
15309,1397509841
15313,1397509982
15317,1397510123
15312,1397510265
15314,1397510405
15312,1397510546
15307,1397510688
15306,1397510829
15308,1397510970
15315,1397511111
15311,1397511253
15303,1397511393
15307,1397511534
15306,1397511676
15321,1397511816
15304,1397511957
15315,1397512098
15299,1397512240
15313,1397512381
15302,1397512521
15314,1397512663
15303,1397512804
15307,1397512944
15305,1397513085
15319,1397513227
15296,1397513368
15307,1397513509
15289,1397513649
15311,1397513791
15317,1397513931
15312,1397514072
15303,1397514214
15307,1397514355
15292,1397514495
15305,1397514636
15296,1397514777
15309,1397514918
15319,1397515059
15307,1397515201
15297,1397515341
15304,1397515482
15315,1397515623
15297,1397515765
15305,1397515906
15299,1397516047
15306,1397516188
15308,1397516329
15297,1397516470
15311,1397516611
15305,1397516752
15307,1397516893
15305,1397517034
15305,1397517176
15299,1397517317
15303,1397517457
15303,1397517598
15306,1397517740
15306,1397517881
15304,1397518022
15300,1397518163
15292,1397518304
15300,1397518446
15316,1397518587
15350,1397518729
15306,1397518870
15298,1397519010
15313,1397519151
15311,1397519293
15298,1397519434
15307,1397519574
15350,1397519716
15327,1397519857
15312,1397519998
15305,1397520139
15305,1397520281
15306,1397520422
15304,1397520563
15341,1397520704
15322,1397520846
15305,1397520987
15307,1397521127
15297,1397521269
15313,1397521410
15307,1397521551
15315,1397521692
15349,1397521834
15320,1397521975
15303,1397522116
15297,1397522257
15311,1397522398
15308,1397522539
15315,1397522680
15325,1397522821
15330,1397522962
15310,1397523103
15289,1397523244
15294,1397523385
15307,1397523526
15300,1397523666
15341,1397523808
15316,1397523949
15316,1397524089
15300,1397524231
15303,1397524372
15309,1397524512
15302,1397524653
15346,1397524795
15314,1397524936
15316,1397525077
15296,1397525219
15313,1397525360
15298,1397525500
15306,1397525641
15340,1397525783
15328,1397525924
15312,1397526065
15304,1397526207
15311,1397526348
15302,1397526488
15313,1397526629
15295,1397526771
15310,1397526911
15314,1397527052
15309,1397527193
15305,1397527335
15307,1397527475
15306,1397527616
15310,1397527758
15306,1397527898
15292,1397528039
15317,1397528180
15311,1397528322
15317,1397528462
15307,1397528603
15296,1397528745
15310,1397528886
15295,1397529027
15306,1397529168
15304,1397529309
15302,1397529450
15306,1397529591
15307,1397529733
15296,1397529874
15311,1397530015
15304,1397530155
15308,1397530297
15309,1397530438
15311,1397530579
15297,1397530720
15302,1397530861
15302,1397531002
15305,1397531143
15291,1397531285
15300,1397531425
15311,1397531566
15309,1397531707
15309,1397531849
15303,1397531990
15306,1397532131
15312,1397532272
15296,1397532413
15288,1397532554
15310,1397532694
15292,1397532837
15315,1397532978
15312,1397533118
15299,1397533260
15310,1397533401
15287,1397533541
15297,1397533682
15323,1397533824
15306,1397533964
15306,1397534105
15304,1397534247
15309,1397534388
15240,1397534528
15317,1397534670
15315,1397534811
15334,1397534952
15341,1397535093
15320,1397535235
15330,1397535376
15295,1397535516
15322,1397535657
15305,1397535799
15319,1397535939
15330,1397536080
15295,1397536221
15295,1397536363
15295,1397536503
15315,1397536644
15314,1397536786
15334,1397536926
15349,1397537067
15304,1397537208
15293,1397537350
15296,1397537490
15306,1397537631
15316,1397537772
15285,1397537913
15343,1397538054
15317,1397538195
15289,1397538337
15299,1397538477
15312,1397538618
15294,1397538760
15311,1397538901
15320,1397539042
15320,1397539183
15298,1397539325
15299,1397539465
15317,1397539606
15311,1397539748
15296,1397539889
15334,1397540030
15333,1397540171
15305,1397540313
15304,1397540454
15311,1397540594
15294,1397540736
15300,1397540877
15311,1397541018
15337,1397541159
15300,1397541300
15309,1397541441
15303,1397541582
15305,1397541722
15299,1397541865
15322,1397542006
15343,1397542146
15317,1397542288
15307,1397542429
15310,1397542569
15318,1397542710
15302,1397542852
15289,1397542992
15306,1397543133
15321,1397543275
15298,1397543416
15317,1397543557
15298,1397543697
15313,1397543839
15305,1397543980
15293,1397544120
15302,1397544262
15319,1397544403
15304,1397544544
15301,1397544684
15305,1397544826
15300,1397544967
15305,1397545108
15306,1397545249
15302,1397545390
15296,1397545531
15316,1397545671
15305,1397545813
15295,1397545954
15294,1397546094
15309,1397546235
15309,1397546377
15291,1397546518
15298,1397546659
15306,1397546800
15306,1397546941
15291,1397547082
15308,1397547222
15306,1397547364
15312,1397547505
15302,1397547646
15314,1397547788
15307,1397547929
15312,1397548070
15307,1397548210
15300,1397548352
15298,1397548493
15308,1397548634
15299,1397548776
15313,1397548917
15306,1397549058
15299,1397549198
15310,1397549340
15301,1397549481
15303,1397549622
15306,1397549763
15293,1397549905
15296,1397550046
15317,1397550186
15291,1397550328
15300,1397550469
15299,1397550609
15307,1397550750
15295,1397550892
15304,1397551033
15308,1397551174
15352,1397551315
15309,1397551456
15305,1397551597
15308,1397551737
15313,1397551879
15305,1397552020
15312,1397552161
15336,1397552302
15319,1397552443
15310,1397552584
15304,1397552725
15302,1397552867
15300,1397553008
15321,1397553149
15359,1397553290
15312,1397553431
15316,1397553572
15309,1397553713
15311,1397553854
15299,1397553995
15313,1397554136
15325,1397554277
15341,1397554418
15314,1397554559
15312,1397554700
15323,1397554841
15305,1397554982
15305,1397555123
15301,1397555264
15338,1397555405
15302,1397555546
15314,1397555687
15314,1397555828
15308,1397555969
15307,1397556110
15322,1397556251
15360,1397556392
15314,1397556533
15304,1397556674
15313,1397556816
15304,1397556957
15301,1397557098
15314,1397557239
15344,1397557380
15311,1397557521
15309,1397557662
15314,1397557804
15316,1397557945
15294,1397558086
15300,1397558227
15344,1397558369
15328,1397558509
15321,1397558650
15315,1397558791
15303,1397558932
15306,1397559073
15314,1397559214
15319,1397559355
15302,1397559496
15310,1397559637
15311,1397559778
15292,1397559920
15302,1397560061
15308,1397560201
15304,1397560343
15303,1397560484
15308,1397560624
15301,1397560766
15305,1397560907
15310,1397561048
15303,1397561189
15288,1397561331
15316,1397561472
15298,1397561612
15304,1397561754
15305,1397561896
15318,1397562037
15314,1397562177
15315,1397562319
15310,1397562460
15296,1397562600
15299,1397562742
15306,1397562883
15302,1397563024
15326,1397563165
15315,1397563306
15291,1397563448
15312,1397563588
15312,1397563730
15310,1397563871
15318,1397564012
15306,1397564153
15303,1397564293
15299,1397564435
15295,1397564576
15312,1397564717
15299,1397564858
15301,1397565000
15344,1397565141
15294,1397565281
15295,1397565423
15338,1397565564
15314,1397565705
15305,1397565847
15305,1397565988
15301,1397566129
15292,1397566269
15313,1397566411
15276,1397566552
15306,1397566693
15278,1397566835
15316,1397566976
15309,1397567117
15333,1397567257
15301,1397567399
15352,1397567540
15320,1397567681
15317,1397567822
15302,1397567964
15309,1397568105
15321,1397568245
15307,1397568387
15311,1397568528
15314,1397568668
15295,1397568809
15317,1397568951
15305,1397569092
15286,1397569234
15298,1397569375
15328,1397569516
15333,1397569657
15314,1397569798
15305,1397569940
15298,1397570081
15309,1397570221
15296,1397570363
15317,1397570504
15351,1397570645
15322,1397570786
15313,1397570928
15296,1397571069
15307,1397571209
15307,1397571351
15302,1397571492
15343,1397571633
15328,1397571774
15320,1397571916
15309,1397572057
15297,1397572197
15302,1397572338
15308,1397572480
15325,1397572620
15318,1397572761
15303,1397572903
15314,1397573043
15307,1397573184
15299,1397573325
15306,1397573467
15352,1397573607
15328,1397573749
15304,1397573890
15303,1397574031
15310,1397574172
15307,1397574313
15304,1397574454
15317,1397574595
15335,1397574737
15324,1397574878
15306,1397575019
15317,1397575160
15307,1397575301
15307,1397575443
15298,1397575583
15299,1397575724
15303,1397575866
15297,1397576007
15301,1397576148
15291,1397576289
15303,1397576431
15309,1397576571
15302,1397576712
15308,1397576854
15309,1397576995
15299,1397577136
15317,1397577276
15294,1397577418
15303,1397577559
15302,1397577699
15299,1397577841
15299,1397577982
15304,1397578123
15306,1397578264
15305,1397578406
15318,1397578547
15313,1397578687
15307,1397578828
15316,1397578970
15301,1397579111
15304,1397579252
15310,1397579393
15320,1397579534
15314,1397579676
15296,1397579817
15309,1397579959
15313,1397580100
15306,1397580241
15304,1397580382
15311,1397580523
15311,1397580664
15304,1397580804
15283,1397580946
15319,1397581087
15299,1397581228
15297,1397581369
15310,1397581510
15309,1397581651
15304,1397581792
15312,1397581934
15303,1397582075
15300,1397582216
15314,1397582356
15323,1397582498
15311,1397582639
15309,1397582780
15306,1397582922
15317,1397583063
15311,1397583203
15311,1397583344
15296,1397583486
15304,1397583627
15324,1397583767
15317,1397583909
15319,1397584050
15299,1397584191
15300,1397584331
15300,1397584473
15297,1397584614
15319,1397584754
15345,1397584896
15313,1397585037
15314,1397585178
15305,1397585319
15324,1397585460
15321,1397585601
15302,1397585742
15344,1397585883
15306,1397586025
15309,1397586166
15310,1397586306
15298,1397586448
15308,1397586589
15318,1397586730
15347,1397586871
15327,1397587013
15299,1397587153
15309,1397587294
15314,1397587436
15312,1397587576
15318,1397587717
15327,1397587858
15327,1397588000
15327,1397588141
15303,1397588282
15298,1397588423
15312,1397588564
15312,1397588705
15328,1397588846
15330,1397588988
15314,1397589129
15307,1397589270
15306,1397589411
15289,1397589552
15302,1397589693
15294,1397589833
15351,1397589975
15311,1397590116
15303,1397590257
15307,1397590398
15317,1397590539
15306,1397590680
15311,1397590821
15357,1397590963
15324,1397591104
15307,1397591244
15301,1397591385
15311,1397591527
15303,1397591668
15296,1397591809
15295,1397591951
15315,1397592091
15292,1397592232
15322,1397592373
15301,1397592515
15311,1397592655
15283,1397592797
15309,1397592938
15293,1397593079
15299,1397593220
15304,1397593361
15306,1397593503
15317,1397593643
15299,1397593785
15297,1397593926
15326,1397594067
15295,1397594208
15313,1397594349
15296,1397594491
15298,1397594632
15318,1397594773
15301,1397594914
15311,1397595055
15306,1397595196
15303,1397595337
15307,1397595478
15264,1397595619
15313,1397595760
15311,1397595901
15297,1397596043
15302,1397596184
15309,1397596324
15278,1397596466
15281,1397596607
15318,1397596748
15286,1397596889
15327,1397597031
15307,1397597171
15317,1397597312
15314,1397597454
15298,1397597595
15311,1397597736
15298,1397597877
15305,1397598018
15301,1397598159
15303,1397598300
15301,1397598442
15306,1397598583
15308,1397598723
15312,1397598865
15314,1397599006
15299,1397599147
15304,1397599288
15305,1397599429
15302,1397599570
15305,1397599711
15308,1397599852
15321,1397599994
15342,1397600135
15313,1397600276
15313,1397600416
15306,1397600558
15305,1397600699
15319,1397600840
15295,1397600982
15348,1397601123
15315,1397601263
15307,1397601404
15310,1397601546
15308,1397601687
15316,1397601828
15301,1397601970
15333,1397602111
15325,1397602251
15300,1397602392
15291,1397602534
15304,1397602675
15316,1397602816
15305,1397602958
15328,1397603099
15331,1397603239
15315,1397603380
15322,1397603522
15300,1397603663
15302,1397603804
15305,1397603945
15312,1397604086
15342,1397604227
15326,1397604368
15287,1397604510
15325,1397604650
15305,1397604791
15305,1397604932
15316,1397605074
15338,1397605215
15325,1397605356
15321,1397605497
15299,1397605639
15321,1397605780
15310,1397605921
15291,1397606063
15338,1397606203
15307,1397606344
15319,1397606486
15312,1397606627
15306,1397606768
15314,1397606909
15296,1397607050
15356,1397607191
15339,1397607332
15308,1397607474
15326,1397607615
15310,1397607756
15309,1397607896
15313,1397608038
15307,1397608179
15312,1397608320
15318,1397608461
15306,1397608602
15318,1397608744
15298,1397608884
15307,1397609026
15311,1397609167
15306,1397609308
15312,1397609448
15304,1397609590
15311,1397609731
15312,1397609872
15307,1397610014
15295,1397610155
15305,1397610295
15308,1397610436
15315,1397610578
15306,1397610719
15306,1397610860
15313,1397611002
15303,1397611143
15313,1397611283
15302,1397611424
15310,1397611566
15301,1397611707
15311,1397611848
15303,1397611990
15299,1397612131
15300,1397612271
15312,1397612412
15301,1397612554
15304,1397612695
15307,1397612836
15312,1397612977
15308,1397613119
15312,1397613259
15310,1397613400
15307,1397613542
15312,1397613682
15318,1397613823
15304,1397613964
15310,1397614106
15310,1397614247
15314,1397614388
15299,1397614529
15306,1397614670
15316,1397614811
15312,1397614952
15303,1397615094
15300,1397615235
15302,1397615375
15309,1397615517
15303,1397615658
15299,1397615799
15312,1397615940
15307,1397616082
15302,1397616223
15327,1397616363
15339,1397616505
15336,1397616646
15291,1397616787
15316,1397616928
15320,1397617070
15319,1397617210
15326,1397617351
15337,1397617492
15314,1397617633
15306,1397617775
15319,1397617916
15315,1397618057
15300,1397618198
15321,1397618339
15342,1397618479
15311,1397618621
15325,1397618763
15312,1397618903
15299,1397619045
15308,1397619186
15305,1397619327
15339,1397619467
15308,1397619609
15314,1397619750
15321,1397619891
15303,1397620033
15313,1397620174
15315,1397620314
15344,1397620455
15318,1397620597
15311,1397620738
15297,1397620879
15320,1397621021
15317,1397621162
15315,1397621302
15335,1397621443
15312,1397621585
15325,1397621726
15314,1397621867
15319,1397622008
15316,1397622150
15306,1397622290
15322,1397622431
15328,1397622573
15309,1397622713
15313,1397622855
15298,1397622995
15290,1397623137
15309,1397623278
15320,1397623419
15333,1397623560
15318,1397623701
15303,1397623841
15319,1397623982
15294,1397624124
15243,1397624265
15300,1397624406
15309,1397624547
15308,1397624688
15279,1397624829
15305,1397624970
15305,1397625112
15258,1397625253
15325,1397625394
15301,1397625535
15314,1397625676
15269,1397625817
15279,1397625957
15306,1397626099
15271,1397626240
15323,1397626381
15306,1397626522
15288,1397626663
15312,1397626805
15294,1397626945
15282,1397627087
15287,1397627228
15311,1397627368
15325,1397627509
15295,1397627651
15315,1397627792
15307,1397627933
15300,1397628075
15304,1397628216
15321,1397628357
15294,1397628498
15304,1397628640
15305,1397628781
15288,1397628922
15307,1397629063
15299,1397629204
15296,1397629345
15304,1397629486
15292,1397629628
15307,1397629769
15309,1397629910
15296,1397630051
15308,1397630192
15308,1397630333
15307,1397630474
15313,1397630616
15305,1397630757
15305,1397630898
15307,1397631039
15309,1397631180
15300,1397631321
15322,1397631461
15297,1397631603
15317,1397631744
15302,1397631885
15295,1397632026
15304,1397632168
15299,1397632308
15303,1397632449
15321,1397632591
15351,1397632732
15327,1397632873
15316,1397633014
15296,1397633155
15305,1397633296
15301,1397633437
15304,1397633579
15344,1397633719
15316,1397633861
15303,1397634002
15310,1397634143
15310,1397634284
15296,1397634425
15310,1397634566
15357,1397634707
15332,1397634849
15306,1397634989
15332,1397635131
15303,1397635272
15304,1397635413
15300,1397635554
15342,1397635695
15328,1397635836
15318,1397635977
15307,1397636119
15305,1397636260
15314,1397636400
15309,1397636541
15320,1397636683
15328,1397636824
15302,1397636965
15310,1397637107
15302,1397637247
15304,1397637388
15302,1397637529
15319,1397637671
15344,1397637811
15312,1397637952
15310,1397638094
15307,1397638235
15299,1397638375
15301,1397638516
15311,1397638658
15342,1397638799
15317,1397638940
15301,1397639082
15309,1397639223
15308,1397639363
15299,1397639505
15295,1397639647
15353,1397639788
15313,1397639929
15311,1397640070
15317,1397640211
15310,1397640352
15310,1397640493
15315,1397640634
15299,1397640775
15304,1397640916
15305,1397641057
15318,1397641199
15308,1397641340
15301,1397641480
15318,1397641622
15308,1397641763
15329,1397641904
15324,1397642045
15308,1397642186
15302,1397642327
15306,1397642468
15299,1397642609
15303,1397642751
15300,1397642892
15307,1397643033
15300,1397643174
15303,1397643315
15305,1397643456
15304,1397643597
15313,1397643738
15292,1397643879
15312,1397644020
15307,1397644161
15298,1397644302
15309,1397644443
15308,1397644584
15310,1397644726
15310,1397644867
15316,1397645007
15306,1397645149
15301,1397645290
15312,1397645431
15319,1397645571
15305,1397645713
15297,1397645854
15315,1397645995
15293,1397646137
15310,1397646278
15304,1397646418
15298,1397646559
15308,1397646701
15314,1397646842
15298,1397646983
15314,1397647125
15296,1397647266
15300,1397647406
15315,1397647547
15320,1397647689
15308,1397647830
15304,1397647971
15311,1397648113
15300,1397648254
15300,1397648394
15310,1397648535
15286,1397648677
15311,1397648818
15341,1397648959
15326,1397649100
15319,1397649242
15314,1397649382
15307,1397649523
15295,1397649665
15298,1397649806
15345,1397649946
15327,1397650087
15306,1397650229
15300,1397650370
15302,1397650510
15315,1397650652
15304,1397650793
15323,1397650934
15317,1397651075
15312,1397651217
15297,1397651357
15305,1397651498
15316,1397651640
15304,1397651781
15316,1397651921
15344,1397652062
15305,1397652204
15299,1397652345
15321,1397652485
15317,1397652627
15288,1397652768
15306,1397652908
15350,1397653049
15319,1397653191
15315,1397653332
15328,1397653472
15319,1397653613
15296,1397653755
15305,1397653895
15338,1397654036
15340,1397654178
15303,1397654319
15307,1397654459
15325,1397654600
15302,1397654742
15304,1397654882
15300,1397655023
15331,1397655165
15301,1397655306
15328,1397655446
15245,1397655587
15303,1397655729
15312,1397655869
15322,1397656010
15342,1397656152
15321,1397656293
15307,1397656434
15311,1397656574
15325,1397656716
15314,1397656857
15302,1397656998
15305,1397657140
15305,1397657281
15313,1397657422
15300,1397657562
15285,1397657704
15301,1397657845
15307,1397657986
15293,1397658127
15328,1397658269
15302,1397658409
15305,1397658550
15295,1397658692
15324,1397658833
15308,1397658974
15295,1397659114
15297,1397659256
15321,1397659397
15315,1397659538
15316,1397659679
15304,1397659821
15316,1397659961
15314,1397660102
15301,1397660244
15319,1397660385
15303,1397660525
15305,1397660667
15310,1397660808
15303,1397660949
15298,1397661089
15303,1397661231
15305,1397661372
15308,1397661513
15292,1397661654
15302,1397661796
15306,1397661936
15303,1397662077
15295,1397662219
15305,1397662360
15310,1397662501
15308,1397662642
15302,1397662784
15309,1397662924
15306,1397663065
15310,1397663207
15301,1397663348
15308,1397663488
15315,1397663629
15307,1397663771
15313,1397663911
15308,1397664052
15308,1397664194
15316,1397664335
15319,1397664475
15315,1397664616
15311,1397664758
15299,1397664898
15303,1397665039
15334,1397665181
15329,1397665322
15313,1397665462
15312,1397665603
15305,1397665745
15309,1397665886
15304,1397666026
15306,1397666168
15337,1397666309
15312,1397666450
15307,1397666590
15309,1397666733
15305,1397666874
15314,1397667015
15319,1397667155
15345,1397667297
15322,1397667438
15306,1397667578
15309,1397667720
15308,1397667861
15306,1397668002
15313,1397668143
15341,1397668284
15314,1397668425
15305,1397668566
15318,1397668707
15313,1397668849
15307,1397668989
15297,1397669130
15349,1397669272
15328,1397669413
15322,1397669554
15301,1397669695
15305,1397669836
15304,1397669977
15309,1397670117
15331,1397670259
15348,1397670400
15310,1397670541
15312,1397670682
15312,1397670823
15313,1397670964
15303,1397671105
15321,1397671246
15345,1397671387
15306,1397671528
15311,1397671669
15304,1397671810
15316,1397671951
15295,1397672092
15317,1397672233
15340,1397672374
15318,1397672515
15317,1397672656
15298,1397672798
15314,1397672939
15310,1397673080
15307,1397673221
15296,1397673362
15329,1397673503
15291,1397673643
15308,1397673786
15314,1397673926
15307,1397674067
15303,1397674209
15293,1397674350
15311,1397674491
15301,1397674632
15286,1397674774
15320,1397674915
15313,1397675056
15314,1397675198
15299,1397675339
15309,1397675479
15309,1397675620
15310,1397675762
15311,1397675903
15312,1397676043
15299,1397676184
15304,1397676326
15316,1397676466
15304,1397676607
15312,1397676749
15320,1397676889
15306,1397677030
15305,1397677171
15319,1397677312
15325,1397677453
15306,1397677594
15312,1397677735
15310,1397677876
15306,1397678017
15315,1397678158
15301,1397678299
15306,1397678440
15299,1397678581
15299,1397678722
15307,1397678864
15304,1397679005
15309,1397679146
15333,1397679287
15285,1397679428
15306,1397679569
15300,1397679710
15311,1397679851
15300,1397679992
15302,1397680133
15305,1397680274
15297,1397680415
15300,1397680556
15305,1397680697
15318,1397680839
15312,1397680980
15313,1397681120
15312,1397681262
15315,1397681403
15330,1397681544
15323,1397681684
15325,1397681827
15301,1397681967
15320,1397682108
15309,1397682250
15308,1397682391
15342,1397682531
15333,1397682672
15297,1397682814
15302,1397682955
15303,1397683096
15315,1397683238
15316,1397683379
15333,1397683519
15329,1397683660
15311,1397683802
15292,1397683943
15311,1397684084
15303,1397684226
15310,1397684367
15306,1397684507
15337,1397684648
15278,1397684790
15311,1397684931
15302,1397685072
15311,1397685213
15312,1397685354
15310,1397685495
15358,1397685636
15326,1397685778
15333,1397685920
15297,1397686060
15313,1397686201
15298,1397686343
15312,1397686484
15348,1397686624
15302,1397686766
15293,1397686906
15317,1397687047
15310,1397687188
15321,1397687330
15314,1397687471
15359,1397687611
15318,1397687753
15309,1397687894
15300,1397688035
15304,1397688176
15287,1397688318
15341,1397688459
15337,1397688599
15319,1397688741
15301,1397688882
15304,1397689023
15303,1397689164
15307,1397689306
15289,1397689447
15316,1397689587
15304,1397689729
15305,1397689870
15308,1397690011
15313,1397690152
15319,1397690293
15309,1397690434
15295,1397690575
15295,1397690716
15312,1397690857
15318,1397690998
15310,1397691139
15302,1397691280
15311,1397691421
15314,1397691562
15312,1397691703
15315,1397691844
15310,1397691985
15311,1397692126
15304,1397692267
15307,1397692408
15310,1397692549
15315,1397692690
15299,1397692832
15305,1397692972
15305,1397693113
15312,1397693255
15313,1397693396
15305,1397693536
15299,1397693677
15313,1397693819
15312,1397693960
15311,1397694100
15313,1397694241
15311,1397694383
15307,1397694523
15309,1397694664
15308,1397694806
15314,1397694946
15306,1397695087
15307,1397695228
15310,1397695370
15304,1397695510
15303,1397695651
15302,1397695792
15303,1397695933
15308,1397696074
15302,1397696215
15314,1397696356
15304,1397696497
15310,1397696638
15309,1397696780
15305,1397696921
15297,1397697062
15302,1397697203
15298,1397697344
15314,1397697485
15301,1397697626
15335,1397697768
15340,1397697909
15305,1397698050
15310,1397698191
15302,1397698332
15309,1397698473
15307,1397698614
15328,1397698755
15330,1397698897
15304,1397699038
15293,1397699178
15318,1397699320
15309,1397699461
15303,1397699601
15324,1397699743
15342,1397699885
15321,1397700025
15306,1397700166
15288,1397700308
15304,1397700448
15317,1397700589
15313,1397700730
15353,1397700872
15323,1397701013
15306,1397701154
15313,1397701296
15304,1397701436
15305,1397701577
15310,1397701718
15346,1397701860
15330,1397702001
15301,1397702142
15308,1397702284
15318,1397702424
15302,1397702565
15312,1397702706
15322,1397702848
15326,1397702988
15293,1397703129
15303,1397703270
15310,1397703411
15314,1397703552
15301,1397703693
15344,1397703834
15343,1397703975
15322,1397704116
15309,1397704257
15301,1397704398
15291,1397704539
15306,1397704680
15327,1397704821
15340,1397704962
15304,1397705103
15310,1397705244
15305,1397705385
15293,1397705526
15318,1397705667
15295,1397705808
15303,1397705949
15308,1397706090
15305,1397706231
15306,1397706373
15321,1397706513
15306,1397706654
15314,1397706795
15307,1397706936
15311,1397707077
15317,1397707218
15301,1397707360
15294,1397707501
15307,1397707641
15309,1397707783
15324,1397707924
15300,1397708065
15306,1397708206
15307,1397708347
15295,1397708488
15308,1397708629
15296,1397708770
15311,1397708912
15307,1397709053
15306,1397709194
15302,1397709335
15314,1397709476
15307,1397709617
15309,1397709757
15310,1397709899
15312,1397710040
15313,1397710181
15306,1397710322
15302,1397710463
15314,1397710604
15313,1397710744
15316,1397710886
15320,1397711027
15297,1397711168
15308,1397711309
15305,1397711450
15312,1397711591
15304,1397711732
15292,1397711874
15311,1397712015
15293,1397712156
15302,1397712297
15308,1397712438
15314,1397712579
15316,1397712720
15319,1397712862
15306,1397713003
15294,1397713143
15302,1397713284
15316,1397713426
15287,1397713567
15300,1397713707
15293,1397713849
15323,1397713989
15355,1397714130
15315,1397714271
15333,1397714413
15312,1397714554
15306,1397714694
15316,1397714837
15312,1397714978
15333,1397715118
15321,1397715259
15315,1397715401
15290,1397715542
15340,1397715682
15305,1397715824
15295,1397715965
15345,1397716105
15324,1397716246
15322,1397716388
15294,1397716529
15332,1397716669
15297,1397716811
15281,1397716952
15336,1397717093
15317,1397717234
15336,1397717376
15320,1397717516
15310,1397717657
15324,1397717798
15305,1397717940
15289,1397718081
15331,1397718222
15351,1397718363
15328,1397718504
15305,1397718645
15304,1397718786
15294,1397718928
15332,1397719069
15339,1397719210
15314,1397719351
15300,1397719492
15312,1397719633
15295,1397719774
15296,1397719916
15325,1397720057
15341,1397720198
15328,1397720339
15320,1397720480
15305,1397720621
15303,1397720761
15304,1397720903
15312,1397721044
15345,1397721185
15319,1397721326
15312,1397721467
15313,1397721608
15309,1397721749
15305,1397721891
15310,1397722032
15310,1397722172
15306,1397722313
15309,1397722455
15316,1397722596
15305,1397722737
15315,1397722879
15306,1397723020
15310,1397723160
15300,1397723302
15293,1397723443
15296,1397723584
15302,1397723725
15291,1397723867
15307,1397724008
15298,1397724149
15318,1397724290
15309,1397724431
15310,1397724572
15296,1397724713
15305,1397724855
15302,1397724996
15309,1397725137
15317,1397725277
15300,1397725419
15301,1397725560
15309,1397725701
15298,1397725842
15329,1397725984
15287,1397726125
15300,1397726265
15296,1397726407
15306,1397726548
15292,1397726688
15319,1397726829
15303,1397726971
15319,1397727112
15307,1397727253
15290,1397727395
15287,1397727535
15291,1397727676
15312,1397727817
15311,1397727959
15299,1397728100
15312,1397728241
15298,1397728382
15301,1397728523
15307,1397728664
15306,1397728805
15314,1397728947
15307,1397729088
15289,1397729229
15305,1397729370
15306,1397729511
15304,1397729652
15309,1397729793
15293,1397729935
15298,1397730076
15299,1397730217
15339,1397730358
15327,1397730499
15300,1397730640
15305,1397730781
15299,1397730923
15299,1397731064
15305,1397731204
15339,1397731345
15326,1397731487
15311,1397731627
15314,1397731769
15313,1397731910
15312,1397732051
15303,1397732192
15336,1397732333
15331,1397732474
15307,1397732615
15310,1397732756
15301,1397732898
15305,1397733039
15306,1397733180
15313,1397733321
15323,1397733462
15306,1397733603
15305,1397733744
15314,1397733886
15310,1397734027
15320,1397734168
15310,1397734309
15351,1397734450
15312,1397734591
15314,1397734732
15299,1397734873
15309,1397735014
15306,1397735155
15310,1397735296
15338,1397735437
15309,1397735578
15297,1397735719
15303,1397735860
15292,1397736002
15310,1397736143
15316,1397736283
15341,1397736425
15323,1397736566
15307,1397736706
15293,1397736848
15308,1397736989
15324,1397737130
15311,1397737271
15330,1397737413
15326,1397737554
15312,1397737694
15307,1397737836
15294,1397737977
15298,1397738118
15315,1397738259
15309,1397738401
15296,1397738542
15309,1397738682
15299,1397738824
15298,1397738965
15289,1397739106
15305,1397739247
15312,1397739388
15317,1397739529
15301,1397739670
15317,1397739811
15305,1397739953
15298,1397740094
15319,1397740234
15307,1397740375
15302,1397740517
15289,1397740658
15300,1397740798
15315,1397740940
15317,1397741081
15305,1397741221
15303,1397741362
15308,1397741504
15293,1397741645
15294,1397741786
15311,1397741928
15288,1397742069
15300,1397742209
15297,1397742350
15315,1397742492
15296,1397742633
15304,1397742774
15308,1397742916
15299,1397743057
15306,1397743197
15317,1397743338
15305,1397743480
15309,1397743621
15329,1397743762
15300,1397743903
15305,1397744044
15311,1397744185
15306,1397744326