1659
1646
1646
1645
1647
1641
1646
1642
1643
1639
1637
1637
1639
1633
1637
1639
1635
1633
1638
1636
1669
1635
1639
1637
1639
1637
1637
1663
1637
1639
1633
1637
1638
1631
1633
1671
1635
1633
1641
1635
1633
1643
1635
1634
1635
1637
1639
1633
1641
1633
1635
1638
1633
1635
1637
1637
1639
1635
1634
1635
1635
1637
1635
1633
1671
1633
1637
1639
1631
1638
1638
1637
1666
1636
1641
1635
1633
1639
1630
1635
1638
1636
1639
1636
1637
1637
1637
1663
1635
1635
1638
1633
1643
1635
1631
1639
1638
1634
1635
1637
1637
1663
1635
1635
1633
1639
1635
1633
1639
1663
1639
1637
1639
1631
1635
1637
1669
1635
1639
1639
1633
1641
1639
1631
1666
1639
1633
1642
1635
1635
1634
1636
1639
1629
1642
1635
1631
1637
1639
1631
1638
1636
1639
1634
1637
1637
1635
1637
1639
1633
1643
1633
1639
1663
1637
1638
1639
1635
1633
1637
1639
1643
1644
1642
1631
1639
1637
1667
1636
1638
1633
1641
1638
1631
1633
1641
1635
1631
1638
1634
1635
1638
1636
1638
1634
1635
1635
1637
1641
1635
1634
1639
1635
1637
1641
1636
1638
1633
1638
1635
1640
1643
1633
1637
1670
1631
1637
1643
1635
1638
1639
1635
1635
1635
1639
1635
1639
1637
1639
1663
1640
1636
1639
1635
1633
1637
1639
1636
1639
1635
1637
1635
1635
1637
1635
1635
1637
1635
1635
1638
1637
1669
1639
1639
1633
1639
1635
1631
1667
1639
1633
1643
1637
1639
1633
1639
1663
1634
1635
1638
1631
1639
1637
1635
1635
1637
1641
1638
1635
1635
1635
1638
1638
1633
1644
1638
1631
1639
1635
1638
1639
1636
1639
1633
1639
1663
1635
1639
1637
1638
1637
1637
1631
1663
1637
1643
1635
1637
1638
1634
1667
1635
1635
1639
1636
1641
1641
1639
1635
1638
1635
1635
1636
1643
1631
1635
1638
1633
1637
1641
1635
1631
1636
1639
1634
1636
1641
1635
1631
1637
1638
1634
1641
1637
1639
1635
1633
1667
1635
1638
1635
1636
1643
1631
1635
1638
1631
1639
1639
1635
1635
1638
1663
1638
1639
1641
1639
1635
1637
1635
1639
1638
1633
1641
1639
1633
1638
1635
1636
1635
1635
1635
1633
1639
1663
1635
1639
1637
1636
1638
1633
1635
1631
1637
1641
1637
1641
1637
1633
1667
1634
1633
1639
1633
1638
1633
1639
1635
1635
1639
1635
1635
1639
1636
1636
1639
1635
1637
1641
1639
1631
1632
1641
1636
1633
1639
1631
1633
1641
1637
1636
1638
1633
1639
1633
1639
1663
1635
1643
1635
1633
1643
1633
1663
1637
1639
1635
1637
1639
1633
1637
1670
1632
1636
1641
1637
1635
1635
1633
1635
1635
1637
1638
1633
1640
1636
1635
1639
1633
1641
1639
1631
1633
1639
1633
1639
1634
1638
1635
1637
1673
1635
1635
1638
1634
1636
1639
1634
1663
1638
1641
1639
1633
1639
1631
1663
1639
1633
1641
1639
1631
1635
1638
1637
1637
1637
1637
1633
1638
1635
1631
1638
1638
1635
1638
1641
1639
1663
1639
1641
1637
1639
1639
1633
1639
1634
1633
1641
1639
1633
1639
1635
1667
1635
1638
1639
1636
1642
1633
1637
1642
1634
1635
1639
1639
1635
1635
1638
1636
1637
1642
1633
1635
1635
1637
1638
1639
1638
1634
1635
1636
1637
1635
1637
1639
1631
1639
1635
1633
1675
1635
1636
1637
1638
1631
1635
1683
1637
1639
1639
1631
1633
1641
1635
1663
1637
1639
1635
1636
1645
1639
1633
1641
1635
1633
1641
1635
1633
1639
1633
1638
1635
1638
1637
1641
1644
1635
1635
1639