826,688
825,1076
828,1492
826,1904
821,2336
830,8352
818,18752
826,30192
835,41632
821,53072
831,64512
822,75952
822,87392
821,98832
831,110272
824,122752
824,135232
827,147712
822,160192
825,172672
829,185152
825,197636
830,210112
824,222592
826,235072
824,247552
828,260032
827,272512
834,284992
820,297472
827,309952
833,322432
833,334912
826,347392
820,359872
840,372352
833,384832
820,397312
826,409792
841,422272
830,434752
823,447232
821,459712
829,472192
832,484672
824,497152
826,509632
824,522112
829,534592
831,547072
819,559552
823,572032
829,584512
825,596992
826,609472
822,621952
824,634432
833,646912
829,659392
825,671872
825,684352
824,696832
839,709312
820,721792
823,734272
827,746752
838,759232
823,771712
824,784192
825,796676
845,809152
823,821632
820,834112
831,846592
832,859072
830,871552
821,884032
825,896512
837,908992
829,921472
823,933952
825,946432
832,958912
829,971392
825,983872
822,996352
831,1008832
827,1022352
822,1035872
827,1049392
825,1062912
823,1076432
824,1089952
839,1103472
824,1116992
826,1130512
823,1144032
822,1157552
828,1171072
829,1184592
835,1198112
823,1211632
824,1225152
826,1238672
831,1252192
829,1265712
827,1279232
823,1292752
826,1306272
821,1319792
837,1333312
837,1346832
824,1360352
822,1373872
826,1387392
823,1400912
824,1414432
829,1427952
833,1441472
823,1454992
826,1468512
823,1482032
828,1495552
831,1509072
825,1522592
822,1536112
826,1549632
827,1563152
837,1576672
834,1590192
824,1603712
821,1617232
827,1630752
827,1644272
821,1657792
842,1671312
823,1684832
820,1698352
828,1711872
841,1725392
828,1738912
824,1752432
825,1765952
822,1779472
821,1792992
829,1806512
833,1820032
828,1833552
825,1847072
820,1860592
824,1874112
832,1887632
825,1901152
841,1914672
825,1928196
823,1941712
822,1955232
836,1968752
828,1982272
825,1995792
826,2009312
823,2022832
822,2036352
827,2049872
838,2063392
827,2076912
824,2090432
826,2103952
822,2117472
829,2130992
829,2144512
837,2158032
825,2171552
826,2185072
822,2198592
831,2212112
828,2225632
825,2239152
824,2252672
826,2266192
824,2279712
827,2293232
834,2306752
823,2320272
825,2333792
831,2347312
829,2360832
828,2374352
830,2387872
823,2401392
820,2414912
828,2428432
841,2441952
831,2455472
826,2468992
822,2482512
821,2496032
828,2509552
827,2523072
829,2536592
836,2550112
825,2563632
822,2577152
823,2590672
832,2604192
826,2617712
826,2631232
825,2644752
824,2658272
827,2671792
843,2685312
829,2698832
829,2712352
829,2725872
825,2739392
826,2752912
827,2766432
840,2779952
833,2793472
828,2806992
826,2820512
824,2834032
835,2847552
825,2861076
836,2874592
826,2888112
823,2901632
823,2915152
836,2928672
832,2942192
822,2955712
823,2969232
823,2982752
825,2996272
830,3009792
841,3023312
823,3036832
824,3050352
828,3063872
831,3077392
826,3090912
827,3104432
820,3117952
827,3131472
825,3144992
825,3158512
837,3172032
829,3185552
820,3199072
821,3212592
828,3226112
825,3239632
824,3253152
839,3266672
820,3280192
823,3293712
824,3307232
833,3320752
827,3334272
826,3347792
823,3361312
823,3374832
828,3388352
829,3401872
834,3415392
828,3428912
827,3442432
820,3455952
829,3469472
831,3482992
822,3496512
835,3510032
826,3523552
821,3537072
827,3550592
833,3564112
827,3577632
818,3591152
825,3604672
824,3618192
825,3631712
839,3645232
828,3658752
824,3672272
826,3685792
819,3699312
827,3712832
826,3726352
828,3739872
824,3753392
827,3766912
821,3780432
837,3793952
832,3807472
826,3820992
820,3834512
829,3848032
824,3861552
824,3875072
847,3888592
828,3902112
823,3915632
824,3929152
828,3942672
825,3956192
828,3969712
840,3983232
821,3996752
826,4010272
825,4023792
836,4037312
827,4050832
825,4064352
822,4077872
821,4091392
829,4104912
822,4118432
837,4131952
830,4145472
820,4158992
822,4172512
823,4186032
823,4199552
823,4213072
844,4226592
822,4240112
821,4253632
828,4267152
833,4280672
826,4294192
823,4307712
820,4321232
825,4334752
830,4348272
822,4361792
832,4375312
826,4388832
823,4402352
820,4415872
834,4429392
828,4442912
826,4456432
825,4469952
829,4483472
824,4496992
834,4510512
831,4524032
825,4537552
825,4551072
825,4564592
822,4578112
825,4591632
827,4605152
828,4618672
826,4632192
823,4645712
823,4659232
832,4672752
831,4686272
821,4699792
824,4713312
826,4726832
822,4740352
841,4753872
832,4767392
826,4780912
819,4794432
825,4807952
827,4821472
826,4834992
838,4848512
830,4862032
822,4875552
826,4889072
826,4902592
828,4916112
830,4929632
828,4943152
825,4956672
829,4970192
830,4983712
840,4997232
832,5010752
826,5024272
819,5037792
825,5051312
834,5064832
825,5078352
846,5091872
823,5105392
821,5118912
829,5132432
839,5145952
824,5159472
826,5172992
824,5186512
825,5200032
823,5213552
824,5227072
838,5240592
825,5254112
826,5267632
821,5281152
824,5294672
830,5308192
825,5321712
838,5335232
822,5348752
823,5362272
822,5375792
833,5389312
831,5402832
822,5416352
821,5429872
829,5443392
825,5456912
827,5470432
833,5483952
827,5497472
822,5510992
826,5524512
823,5538032
828,5551552
831,5565072
833,5578592
824,5592112
827,5605632
821,5619152
834,5632672
826,5646192
821,5659712
823,5673232
827,5686752
827,5700272
833,5713792
839,5727312
823,5740832
823,5754352
829,5767872
835,5781392
824,5794912
831,5808432
826,5821952
822,5835472
828,5848992
850,5862512
825,5876032
829,5889552
827,5903072
821,5916592
828,5930112
832,5943632
839,5957152
830,5970672
825,5984192
826,5997712
824,6011232
834,6024752
824,6038272
839,6051792
825,6065312
826,6078832
821,6092352
842,6105872
826,6119392
823,6132912
827,6146432
824,6159952
825,6173472
830,6186992
839,6200512
825,6214032
827,6227552
825,6241072
825,6254592
831,6268112
827,6281632
839,6295152
825,6308672
830,6322192
821,6335712
840,6349232
830,6362752
818,6376272
825,6389792
830,6403312
823,6416832
826,6430352
839,6443872
820,6457392
828,6470912
828,6484432
830,6497952
827,6511472
827,6524992
821,6538512
825,6552032
830,6565552
823,6579072
832,6592592
833,6606112
824,6619632
823,6633152
822,6646672
823,6660192
822,6673712
836,6687232
823,6700752
819,6714272
826,6727792
830,6741312
825,6754832
829,6768352
824,6781872
822,6795392
824,6808912
840,6822432
830,6835952
826,6849472
822,6862992
820,6876512
828,6890032
830,6903552
827,6917072
830,6930592
825,6944112
825,6957632
826,6971152
829,6984672
826,6998192
820,7011712
829,7025232
823,7038752
826,7052272
843,7065792
827,7079312
821,7092832
827,7106352
823,7119872
827,7133392
826,7146912
838,7160432
822,7173952
825,7187472
827,7200992
833,7214512
832,7228032
828,7241552
821,7255072
826,7268592
823,7282112
822,7295632
840,7309152
829,7322672
823,7336192
824,7349712
826,7363232
823,7376752
826,7390272
847,7403792
822,7417312
823,7430832
827,7444352
832,7457872
830,7471392
825,7484912
826,7498432
822,7511952
824,7525472
826,7538992
833,7552512
832,7566032
824,7579552
823,7593072
825,7606592
830,7620112
824,7633632
842,7647152
824,7660672
827,7674192
827,7687712
833,7701232
827,7714752
823,7728272
826,7741792
822,7755312
828,7768832
828,7782352
834,7795872
821,7809392
828,7822912
825,7836432
833,7849952
830,7863472
822,7876992
822,7890512
825,7904032
826,7917552
838,7931072
834,7944592
825,7958112
824,7971632
827,7985156
822,7998672
823,8012192
839,8025712
830,8039232
822,8052752
826,8066272
824,8079792
831,8093312
827,8106832
827,8120352
823,8133872
827,8147392
826,8160912
839,8174432
832,8187952
828,8201472
821,8214992
826,8228512
825,8242032
825,8255552
844,8269072
832,8282592
820,8296112
825,8309632
829,8323152
826,8336672
824,8350192
841,8363712
822,8377232
822,8390752
827,8404272
835,8417792
829,8431312
829,8444832
825,8458352
823,8471872
828,8485392
826,8498912
834,8512432
825,8525952
825,8539472
824,8552992
836,8566512
825,8580032
825,8593552
827,8607072
823,8620592
822,8634112
828,8647632
838,8661152
824,8674672
827,8688192
826,8701712
823,8715232
831,8728752
829,8742272
837,8755792
827,8769312
824,8782832
825,8796352
834,8809872
827,8823392
822,8836912
825,8850432
830,8863952
820,8877472
836,8890992
835,8904512
824,8918032
825,8931552
829,8945072
824,8958592
826,8972112
826,8985632
833,8999152
824,9012672
827,9026192
825,9039712
833,9053232
828,9066752
825,9080272
822,9093792
825,9107312
830,9120832
837,9134352
833,9147872
824,9161392
824,9174912
826,9188432
827,9201952
822,9215472
836,9228992
827,9242512
820,9256032
827,9269552
836,9283072
829,9296592
830,9310112
823,9323632
821,9337152
827,9350672
828,9364192
845,9377712
828,9391232
825,9404752
825,9418272
823,9431792
829,9445312
826,9458832
838,9472352
826,9485872
825,9499392
828,9512912
840,9526432
829,9539952
827,9553472
824,9566992
828,9580512
825,9594032
831,9607552
837,9621072
831,9634592
823,9648112
824,9661632
826,9675152
828,9688672
829,9702192
835,9715712
821,9729232
827,9742752
823,9756272
836,9769792
833,9783312
825,9796832
827,9810352
825,9823872
830,9837392
823,9850912
838,9864432
821,9877952
829,9891472
827,9904992
832,9918512
826,9932032
828,9945552
824,9959072
825,9972592
828,9986112
837,9999632
831,10013152
826,10027712
824,10042272
825,10056832
824,10071392
828,10085952
826,10100512
820,10115072
829,10129632
839,10144192
829,10158752
827,10173312
824,10187872
830,10202432
819,10216992
824,10231552
829,10246112
829,10260672
825,10275232
839,10289792
830,10304352
826,10318912
822,10333472
825,10348032
828,10362592
824,10377152
826,10391712
829,10406272
827,10420832
839,10435392
829,10449952
826,10464512
820,10479072
824,10493632
827,10508192
822,10522752
834,10537312
827,10551872
826,10566432
844,10580992
827,10595552
822,10610112
826,10624672
823,10639232
822,10653792
828,10668352
837,10682912
825,10697472
825,10712032
840,10726592
823,10741152
819,10755712
825,10770272
830,10784832
821,10799392
825,10813952
839,10828512
829,10843072
827,10857632
836,10872192
829,10886752
824,10901312
823,10915872
822,10930432
830,10944992
823,10959552
831,10974112
827,10988672
829,11003232
825,11017792
823,11032352
826,11046912
826,11061472
821,11076032
827,11090592
830,11105152
832,11119712
827,11134272
824,11148832
827,11163392
821,11177952
825,11192512
828,11207072
831,11221632
823,11236192
833,11250752
835,11265312
824,11279872
822,11294432
825,11308992
828,11323552
823,11338112
824,11352672
832,11367232
826,11381792
835,11396352
830,11410912
824,11425472
826,11440032
819,11454592
824,11469152
829,11483712
836,11498272
827,11512832
825,11527392
845,11541952
826,11556512
820,11571072
829,11585632
824,11600192
822,11614752
824,11629312
839,11643872
824,11658432
827,11672992
842,11687552
826,11702112
824,11716672
828,11731232
831,11745792
826,11760352
822,11774912
838,11789472
831,11804032
826,11818592
841,11833152
828,11847712
827,11862272
822,11876832
825,11891392
834,11905952
826,11920512
833,11935072
831,11949632
825,11964192
824,11978752
823,11993312
824,12007872
826,12022432
823,12036992
827,12051552
826,12066112
834,12080672
823,12095232
822,12109792
825,12124352
825,12138912
824,12153472
827,12168032
830,12182592
826,12197152
825,12211712
838,12226272
824,12240832
825,12255392
827,12269952
824,12284512
827,12299072
821,12313632
832,12328192
829,12342752
831,12357312
830,12371872
826,12386432
823,12400992
820,12415552
829,12430112
829,12444672
839,12459232
825,12473792
828,12488352
839,12502912
828,12517472
823,12532032
823,12546592
825,12561152
825,12575712
827,12590272
840,12604832
830,12619392
821,12633952
842,12648512
822,12663072
821,12677632
826,12692192
825,12706752
826,12721312
823,12735872
836,12750432
831,12764992
824,12779552
840,12794112
826,12808672
822,12823232
822,12837792
822,12852352
829,12866912
829,12881472
835,12896032
827,12910592
827,12925152
825,12939712
827,12954272
825,12968832
829,12983392
826,12997952
825,13012512
827,13027072
837,13041632
828,13056192
823,13070752
825,13085312
824,13099872
821,13114432
825,13128992
835,13143552
823,13158112
823,13172672
837,13187232
830,13201792
821,13216352
825,13230912
827,13245472
822,13260032
823,13274592
830,13289152
830,13303712
822,13318272
835,13332832
827,13347392
825,13361952
825,13376512
825,13391072
827,13405632
843,13420192
827,13434752
825,13449312
829,13463872
833,13478432
822,13492992
824,13507552
827,13522112
821,13536672
829,13551232
848,13565792
830,13580352
820,13594912
837,13609472
826,13624032
822,13638592
821,13653152
829,13667712
826,13682272
821,13696832
839,13711392
828,13725952
828,13740512
833,13755072
824,13769632
826,13784192
819,13798752
822,13813312
828,13827872
829,13842432
837,13856992
830,13871552
824,13886112
825,13900672
823,13915232
823,13929792
827,13944352
824,13958912
829,13973472
828,13988032
840,14002592
827,14017152
823,14031712
826,14046272
824,14060832
825,14075392
826,14089952
832,14104512
830,14119072
822,14133632
836,14148192
832,14162752
824,14177312
824,14191872
826,14206432
826,14220992
825,14235552
835,14250112
828,14264672
825,14279232
833,14293792
824,14308356
826,14322912
822,14337472
823,14352032
828,14366592
843,14381152
826,14395712
825,14410272
829,14424832
834,14439392
820,14453952
826,14468512
822,14483072
821,14497632
827,14512192
842,14526752
828,14541312
828,14555872
826,14570432
825,14584992
824,14599552
822,14614112
822,14628672
824,14643232
827,14657792
841,14672352
832,14686912
829,14701472
829,14716032
825,14730592
828,14745152
825,14759712
824,14774272
832,14788832
829,14803392
842,14817952
826,14832512
828,14847072
828,14861632
821,14876192
824,14890752
827,14905312
822,14919872
824,14934432
830,14948992
837,14963552
829,14978112
821,14992672
825,15007232
826,15021792
823,15036352
823,15050912
837,15065472
830,15080032
822,15094592
839,15109152
829,15123712
822,15138272
821,15152832
829,15167392
826,15181952
820,15196512
834,15211072
826,15225632
824,15240192
838,15254752
821,15269312
826,15283872
819,15298432
821,15312992
830,15327552
832,15342112
831,15356672
827,15371232
828,15385792
836,15400352
822,15414912
821,15429472
828,15444032
822,15458592
822,15473152
835,15487712
833,15502272
826,15516832
821,15531392
829,15545952
825,15560512
823,15575072
823,15589632
826,15604192
826,15618752
836,15633312
833,15647872
828,15662432
823,15676992
821,15691552
829,15706112
825,15720672
823,15735232
828,15749792
829,15764352
842,15778912
826,15793472
826,15808032
824,15822592
826,15837152
824,15851712
827,15866272
825,15880832
830,15895392
824,15909952
848,15924512
829,15939072
823,15953632
825,15968192
826,15982752
821,15997312
827,16011872
836,16026432
829,16040992
827,16055552
840,16070112
832,16084672
824,16099232
821,16113792
827,16128352
825,16142912
827,16157472
833,16172036
833,16186592
828,16201152
836,16215712
826,16230272
825,16244832
825,16259392
825,16273952
830,16288512
825,16303072
835,16317632
825,16332192
830,16346752
837,16361312
825,16375872
825,16390432
829,16404992
824,16419552
827,16434112
829,16448672
837,16463232
826,16477792
824,16492352
829,16506912
825,16521472
825,16536032
828,16550592
826,16565152
825,16579712
834,16594272
830,16608832
829,16623392
824,16637952
823,16652512
823,16667072
826,16681632
823,16696192
830,16710752
828,16725312
840,16739872
831,16754432
825,16768992
826,16783552
821,16798112
825,16812672
830,16827232
827,16841792
826,16856352
826,16870912
845,16885472
831,16900032
818,16914592
824,16929152
829,16943712
825,16958272
824,16972832
837,16987392
829,17001952
825,17016512
842,17031072
832,17045632
824,17060192
821,17074752
828,17089312
826,17103872
822,17118432
834,17132992
830,17147552
826,17162112
840,17176672
827,17191232
826,17205792
825,17220352
826,17234912
825,17249472
829,17264032
835,17278592
822,17293152
826,17307712
839,17322272
819,17336832
826,17351392
826,17365952
826,17380512
824,17395072
829,17409632
836,17424192
827,17438752
820,17453312
828,17467872
825,17482432
822,17496992
820,17511552
830,17526112
827,17540672
821,17555232
836,17569792
831,17584352
822,17598912
821,17613472
827,17628032
823,17642592
822,17657152
831,17671712
828,17686272
838,17700832
829,17715392
830,17729952
824,17744512
825,17759072
825,17773632
829,17788192
828,17802752
831,17817312
823,17831872
838,17846432
829,17860992
823,17875552
823,17890112
824,17904672
827,17919232
823,17933792
838,17948352
829,17962912
826,17977472
836,17992032
836,18006592
823,18021152
820,18035712
828,18050272
828,18064832
826,18079392
833,18093952
830,18108512
826,18123072
838,18137632
822,18152192
827,18166752
825,18181312
826,18195872
823,18210432
827,18224992
835,18239552
828,18254112
831,18268672
843,18283232
822,18297792
825,18312352
829,18326912
826,18341472
825,18356032
826,18370592
838,18385152
827,18399712
823,18414272
825,18428832
827,18443392
822,18457952
825,18472512
830,18487072
829,18501632
827,18516192
833,18530752
830,18545312
820,18559872
824,18574432
827,18588992
824,18603552
827,18618112
828,18632672
833,18647232
826,18661792
831,18676352
826,18690912
824,18705472
827,18720032
823,18734592
826,18749152
827,18763712
829,18778272
827,18792832
827,18807392
836,18821952
824,18836512
826,18851072
824,18865632
826,18880192
820,18894752
852,18909312
833,18923872
823,18938432
830,18952992
832,18967552
826,18982112
820,18996672
827,19011232
824,19025792
831,19040352
836,19054912
831,19069472
825,19084032
837,19098592
823,19113152
824,19127712
827,19142272
821,19156832
827,19171392
826,19185952
837,19200512
828,19215072
827,19229632
839,19244192
822,19258752
823,19273312
826,19287872
827,19302432
827,19316992
827,19331552
840,19346112
831,19360672
823,19375232
824,19389792
827,19404352
822,19418912
825,19433476
829,19448032
830,19462592
819,19477152
833,19491712
832,19506272
823,19520832
818,19535392
825,19549952
827,19564512
821,19579072
832,19593632
830,19608192
823,19622752
834,19637312
826,19651872
824,19666432
828,19680992
824,19695552
827,19710112
826,19724672
830,19739232
825,19753792
830,19768352
833,19782912
822,19797472
822,19812032
828,19826592
829,19841152
824,19855712
841,19870272
833,19884832
827,19899392
822,19913952
832,19928512
826,19943072
823,19957632
822,19972192
827,19986752
826,20001312
840,20015872
833,20030432
829,20044992
826,20059552
821,20074112
826,20088672
823,20103232
824,20117792
825,20132352
829,20146912
848,20161472
826,20176032
825,20190592
838,20205152
822,20219712
822,20234272
827,20248832
825,20263392
829,20277952
826,20292512
839,20307072
826,20321632
822,20336192
826,20350752
825,20365312
827,20379872
822,20394432
826,20408992
830,20423552
825,20438112
838,20452672
830,20467232
821,20481792
823,20496352
824,20510912
828,20525472
824,20540032
834,20554592
826,20569152
828,20583712
838,20598272
826,20612832
824,20627392
828,20641952
822,20656512
824,20671072
829,20685632
833,20700192
828,20714752
828,20729312
838,20743872
821,20758432
826,20772992
825,20787552
829,20802112
824,20816672
838,20831236
832,20845792
828,20860352
824,20874912
835,20889472
821,20904032
824,20918592
824,20933152
828,20947712
825,20962272
838,20976832