12245,553377308
12249,553377449
12243,553377590
12242,553377732
12243,553377872
12257,553378013
12241,553378153
12235,553378295
12243,553378436
12253,553378577
12241,553378718
12246,553378859
12236,553379000
12225,553379140
12232,553379281
12243,553379423
12246,553379563
12224,553379704
12243,553379845
12230,553379986
12256,553380126
12284,553380267
12255,553380408
12273,553380549
12239,553380690
12248,553380831
12257,553380973
12265,553381113
12277,553381254
12261,553381394
12260,553381536
12254,553381677
12257,553381817
12245,553381959
12255,553382100
12294,553382240
12259,553382380
12210,558535295
12205,558535436
12207,558535577
12206,558535720
12191,558535861
12200,558536002
12199,558536142
12203,558536284
12196,558536425
12199,558536566
12198,558536707
12194,558536848
12202,558536988
12181,558537129
12210,558537272
12198,558537414
12209,558537554
12191,558537695
12187,558537837
12195,558537977
12196,558538118
12183,558538258
12203,558538400
12191,558538540
12193,558538681
12174,558538822
12190,558538963
12193,558539104
12186,558539244
12190,558539386
12186,558539527
12178,558539667
12192,558539808
12188,558539949
12188,558540090
12184,558540231
12188,558540372
12190,558540513
12235,558540654
12221,558540794
12194,558540935
12196,558541077
12201,558541217
12194,558541358
12199,558541500
12229,558541640
12212,558541781
12198,558541921
12192,558542063
12195,558542204
12210,558542345
12200,558542485
12230,558542627
12212,558542767
12207,558542908
12205,558543049
12202,558543190
12206,558543331
12201,558543472
12235,558543613
12230,558543754
12210,558543894
12207,558544035
12210,558544176
12221,558544317
12192,558544458
12218,558544599
12244,558544740
12231,558544881
12198,558545022
12215,558545162
12207,558545304
12209,558545444
12233,558545585
12246,558545727
12235,558545867
12217,558546008
12220,558546148
12201,558546290
12216,558546431
12215,558546572
12267,558546712
12213,558546854
12225,558546994
12205,558547135
12217,558547276
12210,558547418
12224,558547558
12238,558547699
12233,558547840
12221,558547981
12214,558548122
12207,558548262
12210,558548404
12222,558548545
12214,558548685
12225,558548826
12196,558548967
12216,558549108
12228,558549249
12215,558549390
12221,558549531
12221,558549672
12207,558549812
12214,558549953
12202,558550095
12200,558550235
12202,558550376
12212,558550518
12209,558550658
12206,558550799
12215,558550939
12216,558551081
12203,558551222
12210,558551363
12214,558551503
12199,558551645
12183,558551785
12205,558551926
12206,558552067
12203,558552208
12202,558552349
12201,558552490
12190,558552631
12201,558552772
12193,558552912
12190,558553053
12182,558553194
12185,558553335
12170,558553476
12170,558553617
12162,558553758
12188,558553899
12181,558554039
12192,558554180
12188,558554322
12171,558554463
12196,558554603
12198,558554744
12178,558554885
12184,558555026
12188,558555166
12179,558555307
12188,558555448
12185,558555589
12221,558555729
12187,558555871
12169,558556012
12194,558556152
12185,558556293
12197,558556435
12190,558556575
12177,558556716
12231,558556857
12221,558556998
12199,558557139
12205,558557279
12186,558557420
12208,558557561
12216,558557702
12197,558557842
12210,558557984
12206,558558124
12209,558558265
12194,558558406
12196,558558548
12203,558558688
12205,558558829
12231,558558969
12200,558559111
12205,558559252
12207,558559393
12183,558559535
12200,558559675
12192,558559816
12261,558559956
12215,558560098
12220,558560239
12207,558560380
12208,558560520
12216,558560662
12191,558560803
12230,558560943
12226,558561084
12221,558561225
12195,558561366
12209,558561507
12207,558561648
12186,558561789
12242,558561929
12245,558562070
12214,558562211
12219,558562352
12210,558562493
12227,558562634
12208,558562775
12226,558562916
12258,558563057
12228,558563197
12216,558563339
12214,558563480
12213,558563620
12218,558563761
12204,558563902
12258,558564043
12241,558564183
12220,558564325
12220,558564466
12225,558564607
12232,558564747
12214,558564889
12214,558565029
12212,558565170
12210,558565311
12217,558565453
12214,558565593
12223,558565734
12217,558565874
12209,558566016
12217,558566156
12207,558566297
12214,558566438
12230,558566579
12192,558566719
12201,558566860
12196,558567001
12205,558567142
12201,558567283
12206,558567424
12205,558567565
12208,558567706
12205,558567846
12201,558567987
12210,558568129
12193,558568269
12195,558568410
12211,558568552
12204,558568692
12209,558568833
12203,558568973
12199,558569115
12203,558569256
12191,558569397
12189,558569537
12206,558569679
12189,558569819
12182,558569960
12195,558570101
12205,558570242
12178,558570383
12197,558570524
12184,558570665
12184,558570806
12185,558570946
12191,558571087
12188,558571228
12188,558571369
12173,558571510
12187,558571650
12181,558571792
12194,558571933
12175,558572073
12185,558572214
12171,558572356
12189,558572497
12181,558572637
12181,558572778
12195,558572919
12180,558573060
12210,558573200
12206,558573342
12181,558573483
12185,558573623
12205,558573764
12193,558573905
12189,558574046
12226,558574187
12205,558574328
12206,558574469
12208,558574610
12189,558574750
12196,558574891
12185,558575033
12225,558575173
12226,558575314
12200,558575456
12205,558575597
12208,558575738
12198,558575878
12199,558576020
12219,558576160
12240,558576301
12223,558576443
12198,558576584
12203,558576725
12182,558576865
12213,558577006
12207,558577148
12245,558577289
12229,558577429
12217,558577571
12219,558577711
12213,558577852
12199,558577992
12205,558578134
12260,558578275
12207,558578416
12238,558578556
12224,558578698
12201,558578838
12228,558578979
12199,558579120
12238,558579261
12231,558579402
12219,558579543
12213,558579684
12209,558579825
12216,558579965
12213,558580106
12251,558580247
12242,558580388
12222,558580529
12221,558580670
12201,558580811
12216,558580953
12229,558581093
12224,558581234
12220,558581375
12215,558581516
12203,558581656
12211,558581797
12211,558581938
12205,558582079
12207,558582219
12216,558582361
12194,558582502
12210,558582642
12213,558582783
12197,558582925
12220,558583065
12201,558583206
12193,558583346
12194,558583488
12219,558583628
12210,558583769
12203,558583910
12204,558584052
12182,558584192
12217,558584333
12209,558584475
12166,558584616
12210,558584756
12200,558584897
12192,558585038
12197,558585179
12197,558585320
12192,558585460
12191,558585602
12200,558585743
12182,558585883
12190,558586024
12189,558586165
12183,558586306
12200,558586447
12223,558586588
12184,558586729
12202,558586870
12191,558587010
12182,558587152
12181,558587293
12198,558587433
12196,558587574
12182,558587716
12179,558587856
12209,558587997
12181,558588137
12173,558588279
12199,558588420
12189,558588560
12181,558588702
12174,558588843
12193,558588983
12179,558589124
12185,558589265
12202,558589406
12219,558589547
12213,558589687
12191,558589829
12203,558589970
12196,558590110
12198,558590251
12199,558590392
12233,558590533
12213,558590673
12207,558590814
12202,558590955
12208,558591096
12194,558591236
12202,558591378
12243,558591519
12211,558591660
12206,558591800
12198,558591942
12200,558592083
12209,558592223
12185,558592363
12239,558592505
12224,558592645
12204,558592786
12206,558592927
12211,558593068
12201,558593209
12200,558593350
12220,558593491
12221,558593632
12222,558593772
12209,558593913
12204,558594055
12205,558594195
12211,558594336
12223,558594477
12248,558594618
12220,558594759
12218,558594899
12210,558595040
12207,558595182
12206,558595322
12224,558595462
12268,558595604
12225,558595745
12228,558595885
12210,558596026
12207,558596167
12227,558596308
12214,558596449
12253,558596589
12227,558596731
12229,558596872
12228,558597012
12232,558597153
12212,558597294
12209,558597435
12218,558597575
12211,558597717
12221,558597857
12203,558597998
12209,558598138
12212,558598280
12218,558598420
12207,558598561
12206,558598701
12204,558598843
12200,558598984
12213,558599124
12212,558599265
12200,558599407
12208,558599547
12197,558599688
12201,558599829
12212,558599970
12206,558600110
12211,558600251
12207,558600393
12196,558600534
12216,558600674
12192,558600815
12187,558600957
12198,558601098
12199,558601238
12197,558601379
12196,558601521
12199,558601662
12197,558601802
12181,558601943
12201,558602084
12198,558602225
12203,558602366
12207,558602507
12186,558602648
12190,558602789
12206,558602929
12181,558603071
12193,558603211
12190,558603352
12185,558603493
12179,558603635
12178,558603775
12184,558603916
12184,558604056
12187,558604198
12173,558604339
12184,558604480
12186,558604621
12184,558604762
12189,558604902
12172,558605043
12180,558605184
12203,558605326
12195,558605466
12183,558605607
12237,558605748
12199,558605889
12198,558606030
12202,558606170
12182,558606311
12192,558606452
12197,558606592
12233,558606734
12211,558606875
12201,558607015
12194,558607156
12187,558607298
12199,558607438
12190,558607579
12226,558607719
12232,558607861
12214,558608002
12217,558608143
12184,558608284
12209,558608426
12190,558608566
12200,558608707
12241,558608848
12206,558608989
12201,558609129
12206,558609270
12205,558609412
12195,558609552
12208,558609693
12244,558609833
12208,558609975
12219,558610116
12210,558610256
12205,558610397
12222,558610539
12189,558610680
12237,558610820
12224,558610961
12198,558611102
12212,558611243
12209,558611384
12202,558611525
12219,558611666
12243,558611807
12233,558611947
12214,558612089
12212,558612229
12215,558612370
12211,558612511
12235,558612653
12223,558612793
12254,558612934
12220,558613074
12219,558613216
12215,558613357
12225,558613497
12197,558613639
12211,558613779
12227,558613920
12209,558614060
12215,558614202
12237,558614343
12211,558614484
12204,558614624
12218,558614766
12220,558614906
12216,558615047
12209,558615188
12208,558615329
12183,558615470
12217,558615610
12189,558615751
12190,558615892
12205,558616033
12215,558616173
12188,558616314
12177,558616455
12187,558616596
12206,558616736
12198,558616878
12200,558617018
12207,558617159
12194,558617300
12193,558617442
12180,558617582
12188,558617723
12190,558617864
12198,558618005
12206,558618145
12198,558618286
12199,558618428
12196,558618568
12197,558618709
12182,558618849
12190,558618991
12201,558619132
12189,558619273
12184,558619413
12178,558619555
12200,558619696
12185,558619836
12180,558619977
12190,558620118
12174,558620259
12167,558620400
12191,558620541
12180,558620682
12190,558620823
12189,558620963
12185,558621105
12196,558621245
12168,558621386
12188,558621527
12195,558621669
12167,558621809
12212,558621950
12214,558622090
12202,558622232
12208,558622373
12191,558622513
12215,558622655
12190,558622795
12189,558622936
12238,558623077
12209,558623218
12207,558623359
12199,558623500
12219,558623640
12205,558623782
12183,558623923
12228,558624063
12224,558624204
12203,558624345
12207,558624486
12200,558624626
12196,558624767
12201,558624908
12229,558625049
12224,558625189
12210,558625331
12207,558625472
12211,558625612
12204,558625753
12192,558625894
12225,558626035
12234,558626176
12219,558626317
12216,558626458
12211,558626599
12203,558626739
12208,558626881
12209,558627022
12251,558627162
12221,558627303
12219,558627444
12215,558627585
12216,558627726
12209,558627866
12212,558628008
12253,558628149
12219,558628290
12220,558628431
12223,558628572
12218,558628713
12202,558628854
12220,558628994
12257,558629136
12230,558629277
12232,558629417
12211,558629559
12222,558629699
12204,558629840
12218,558629981
12220,558630122
12221,558630263
12210,558630403
12219,558630543
12211,558630685
12202,558630826
12214,558630966
12211,558631107
12210,558631248
12219,558631390
12195,558631530
12212,558631671
12210,558631812
12208,558631953
12195,558632093
12202,558632235
12210,558632376
12203,558632516
12194,558632657
12192,558632799
12205,558632940
12193,558633081
12210,558633221
12206,558633363
12199,558633503
12199,558633644
12195,558633785
12198,558633926
12201,558634066
12194,558634207
12186,558634348
12191,558634488
12190,558634629
12201,558634770
12187,558634911
12181,558635052
12187,558635192
12208,558635333
12191,558635475
12195,558635616
12198,558635756
12197,558635897
12181,558636038
12187,558636179
12179,558636320
12185,558636461
12177,558636602
12191,558636742
12190,558636883
12175,558637025
12177,558637165
12185,558637306
12180,558637447
12180,558637589
12192,558637729
12185,558637870
12175,558638011
12194,558638152
12223,558638293
12206,558638433
12201,558638575
12190,558638716
12186,558638856
12193,558638997
12183,558639139
12221,558639279
12207,558639420
12204,558639560
12209,558639702
12192,558639843
12200,558639983
12187,558640124
12222,558640265
12231,558640406
12204,558640547
12195,558640688
12195,558640829
12207,558640969
12169,558641110
12209,558641252
12249,558641392
12205,558641533
12212,558641673
12210,558641815
12228,558641955
12196,558642096
12187,558642236
12238,558642378
12228,558642518
12219,558642659
12205,558642800
12198,558642941
12223,558643082
12236,558643222
12257,558643363
12205,558643504
12195,558643644
12218,558643785
12216,558643927
12204,558644067
12204,558644208
12248,558644349
12260,558644491
12211,558644631
12223,558644772
12228,558644913
12207,558645054
12220,558645194
12244,558645335
12264,558645477
12245,558645617
12218,558645758
12228,558645899
12219,558646040
12213,558646181
12213,558646322
12202,558646462
12218,558646604
12229,558646745
12217,558646885
12211,558647026
12220,558647167
12211,558647308
12217,558647448
12227,558647590
12210,558647730
12200,558647871
12210,558648012
12195,558648153
12200,558648294
12206,558648435
12189,558648575
12180,558648717
12201,558648857
12210,558648998
12207,558649139
12193,558649280
12196,558649421
12198,558649561
12196,558649702
12198,558649843
12191,558649984
12193,558650124
12200,558650266
12191,558650407
12202,558650547
12196,558650688
12199,558650830
12194,558650970
12193,558651111
12191,558651251
12186,558651393
12189,558651533
12191,558651674
12182,558651816
12182,558651957
12177,558652097
12193,558652238
12177,558652379
12189,558652519
12194,558652660
12177,558652801
12183,558652942
12205,558653083
12191,558653223
12205,558653364
12174,558653506
12180,558653647
12172,558653787
12194,558653928
12186,558654069
12180,558654210
12185,558654351
12206,558654492
12230,558654633
12209,558654774
12200,558654914
12182,558655056
12214,558655196
12184,558655338
12192,558655478
12225,558655620
12212,558655760
12200,558655901
12184,558656042
12190,558656183
12215,558656324
12200,558656464
12232,558656606
12215,558656747
12204,558656887
12201,558657028
12185,558657169
12204,558657310
12196,558657451
12240,558657591
12217,558657733
12212,558657874
12208,558658014
12216,558658155
12206,558658296
12183,558658437
12217,558658577
12247,558658719
12216,558658859
12212,558659000
12201,558659140
12207,558659282
12206,558659422
12205,558659563
12244,558659703
12230,558659845
12218,558659986
12219,558660126
12215,558660267
12220,558660409
12199,558660549
12255,558660690
12228,558660831
12216,558660972
12212,558661113
12218,558661253
12232,558661395
12225,558661536
12268,558661676
12236,558661817
12216,558661959
12220,558662099
12210,558662240
12224,558662381
12214,558662522
12220,558662663
12217,558662804
12223,558662945
12201,558663086
12217,558663226
12207,558663367
12209,558663509
12217,558663649
12203,558663790
12217,558663930
12215,558664072
12206,558664213
12214,558664354
12200,558664495
12199,558664636
12207,558664777
12208,558664917
12210,558665058
12196,558665199
12209,558665341
12202,558665481
12193,558665622
12185,558665763
12198,558665904
12206,558666044
12199,558666186
12198,558666326
12217,558666467
12192,558666607
12191,558666749
12188,558666889
12187,558667030
12186,558667171
12198,558667312
12188,558667453
12187,558667593
12187,558667734
12176,558667875
12202,558668016
12178,558668156
12188,558668298
12176,558668438
12187,558668579
12191,558668719
12182,558668861
12178,558669002
12171,558669142
12184,558669283
12180,558669425
12185,558669565
12181,558669706
12205,558669848
12178,558669989
12186,558670129
12180,558670270
12185,558670412
12181,558670552
12180,558670693
12229,558670833
12210,558670975
12208,558671116
12188,558671256
12170,558671397
12177,558671539
12203,558671679
12214,558671820
12235,558671961
12202,558672102
12213,558672243
12200,558672384
12196,558672525
12210,558672666
12222,558672806
12237,558672947
12224,558673089
12202,558673229
12211,558673370
12205,558673511
12178,558673652
12221,558673793
12235,558673933
12224,558674074
12197,558674215
12227,558674357
12201,558674497
12214,558674639
12199,558674779
12230,558674920
12221,558675061
12222,558675202
12202,558675343
12213,558675484
12190,558675624
12199,558675766
12238,558675906
12244,558676047
12205,558676188
12202,558676330
12204,558676470
12204,558676611
12219,558676752
12238,558676893
12249,558677034
12225,558677174
12225,558677315
12207,558677456
12219,558677596
12201,558677737
12232,558677879
12240,558678019
12232,558678160
12240,558678301
12222,558678442
12216,558678583
12226,558678723
12212,558678865
12220,558679006
12204,558679146
12215,558679287
12211,558679429
12215,558679569
12211,558679710
12221,558679850
12202,558679992
12194,558680133
12207,558680274
12204,558680414
12223,558680556
12196,558680696
12205,558680837
12205,558680978
12197,558681119
12199,558681260
12207,558681401
12205,558681542
12208,558681683
12198,558681823
12209,558681964
12207,558682106
12195,558682246
12207,558682387
12196,558682528
12198,558682669
12184,558682810
12192,558682951
12193,558683091
12192,558683233
12196,558683374
12170,558683514
12181,558683656
12180,558683796
12182,558683937
12186,558684078
12181,558684219
12192,558684360
12188,558684501
12192,558684641
12191,558684783
12180,558684923
12193,558685064
12180,558685205
12192,558685346
12181,558685486
12190,558685627
12189,558685768
12178,558685909
12178,558686050
12180,558686190
12188,558686332
12179,558686472
12185,558686613
12180,558686753
12177,558686895
12197,558687036
12226,558687176
12199,558687316
12212,558687458
12189,558687599
12189,558687739
12175,558687880
12200,558688021
12241,558688162
12205,558688302
12179,558688443
12205,558688584
12186,558688725
12205,558688865
12188,558689007
12239,558689147
12225,558689289
12211,558689429
12212,558689571
12212,558689711
12196,558689852
12200,558689993
12224,558690134
12232,558690275
12218,558690415
12209,558690557
12196,558690697
12198,558690838
12203,558690978
12220,558691120
12234,558691261
12209,558691402
12203,558691542
12216,558691684
12209,558691825
12222,558691965
12229,558692106
12249,558692247
12237,558692388
12226,558692529
12206,558692670
12222,558692811
12222,558692951
12215,558693092
12268,558693234
12236,558693374
12213,558693514
12212,558693655
12226,558693797
12211,558693937
12215,558694078
12247,558694218
12241,558694360
12237,558694500
12218,558694641
12230,558694782
12214,558694923
12222,558695063
12213,558695204
12207,558695345
12233,558695486
12209,558695626
12205,558695767
12219,558695909
12211,558696049
12208,558696190
12217,558696331
12192,558696473
12201,558696613
12207,558696754
12210,558696895
12193,558697036
12228,558697176
12189,558697317
12197,558697459
12198,558697599
12197,558697740
12209,558697880
12200,558698022
12197,558698163
12208,558698304
12203,558698444
12194,558698586
12198,558698727
12198,558698867
12186,558699009
12197,558699149
12197,558699290
12192,558699431
12199,558699572
12176,558699713
12188,558699853
12193,558699994
12205,558700136
12192,558700277
12190,558700417
12183,558700558
12184,558700700
12188,558700840
12188,558700981
12194,558701122
12186,558701263
12175,558701404
12180,558701544
12178,558701686
12190,558701827
12193,558701967
12186,558702108
12183,558702249
12181,558702390
12179,558702531
12166,558702671
12180,558702813
12175,558702954
12202,558703094
12196,558703235
12205,558703376
12228,558703517
12236,558703657
12190,558703799
12202,558703939
12190,558704080
12195,558704220
12233,558704362
12230,558704502
12205,558704643
12220,558704784
12179,558704926
12181,558705066
12202,558705207
12211,558705348
12242,558705490
12195,558705630
12195,558705771
12188,558705912
12199,558706053
12222,558706193
12197,558706334
12234,558706476
12207,558706616
12182,558706757
12213,558706897
12188,558707039
12172,558707180
12205,558707321
12216,558707461
12210,558707603
12197,558707744
12213,558707884
12215,558708025
12213,558708166
12211,558708306
12235,558708447
12229,558708588
12233,558708729
12218,558708870
12197,558709010
12207,558709152
12214,558709293
12218,558709434
12243,558709574
12216,558709716
12212,558709856
12215,558709997
12207,558710138
12215,558710279
12210,558710419
12266,558710560
12231,558710701
12219,558710842
12220,558710982
12225,558711123
12212,558711265
12220,558711406
12217,558711546
12216,558711687
12223,558711828
12214,558711969
12220,558712110
12211,558712250
12225,558712391
12200,558712532
12214,558712673
12211,558712814
12206,558712955
12213,558713095
12204,558713236
12194,558713378
12214,558713518
12206,558713659
12202,558713799
12198,558713941
12203,558714082
12205,558714222
12201,558714363
12185,558714505
12198,558714645
12197,558714786
12195,558714927
12205,558715068
12196,558715209
12188,558715350
12185,558715491
12197,558715631
12194,558715772
12192,558715913
12186,558716054
12194,558716195
12200,558716336
12198,558716477
12192,558716618
12184,558716759
12194,558716899
12204,558717041
12186,558717181
12195,558717322
12181,558717462
12198,558717604
12192,558717744
12185,558717885
12189,558718025
12196,558718167
12177,558718308
12187,558718449
12184,558718589
12189,558718731
12185,558718871
12192,558719012
12188,558719153
12178,558719294
12174,558719434
12190,558719575
12247,558719716
12216,558719857
12201,558719998
12199,558720138
12188,558720280
12186,558720421
12186,558720561
12236,558720702
12210,558720844
12208,558720984
12195,558721125
12191,558721265
12194,558721407
12193,558721548
12230,558721688
12236,558721830
12193,558721970
12202,558722111
12211,558722252
12202,558722393
12205,558722534
12211,558722674
12237,558722815
12220,558722956
12196,558723097
12215,558723237
12206,558723378
12195,558723519
12214,558723660
12241,558723800
12219,558723942
12214,558724083
12207,558724223
12220,558724364
12206,558724506
12206,558724646
12252,558724787
12214,558724927
12211,558725069
12205,558725210
12205,558725350
12195,558725490
12216,558725632
12251,558725773
12219,558725913
12224,558726054
12220,558726195
12219,558726336
12215,558726477
12214,558726618
12234,558726759
12244,558726899
12212,558727040
12218,558727182
12213,558727323
12214,558727463
12224,558727604
12218,558727745
12215,558727886
12231,558728027
12219,558728167
12211,558728308
12215,558728449
12218,558728589
12212,558728731
12212,558728872
12202,558729012
12216,558729153
12210,558729294
12208,558729435
12209,558729575
12194,558729716
12198,558729857
12206,558729998
12191,558730139
12202,558730280
12195,558730421
12204,558730562
12211,558730702
12201,558730844
12211,558730984
12194,558731125
12194,558731265
12191,558731408
12198,558731548
12192,558731689
12198,558731829
12191,558731971
12194,558732112
12204,558732252
12187,558732393
12186,558732535
12192,558732675
12188,558732816
12194,558732957
12202,558733098
12207,558733239
12193,558733380
12179,558733521
12192,558733662
12218,558733802
12203,558733943
12186,558734085
12179,558734226
12179,558734367
12181,558734508
12201,558734649
12181,558734790
12198,558734930
12183,558735072
12192,558735212
12173,558735353
12209,558735494
12173,558735635
12213,558735776
12210,558735916
12221,558736057
12181,558736199
12195,558736340
12187,558736480
12183,558736621
12206,558736763
12200,558736903
12255,558737044
12204,558737185
12194,558737326
12201,558737467
12195,558737607
12198,558737749
12184,558737890
12247,558738030
12216,558738171
12203,558738312
12202,558738453
12191,558738594
12206,558738734
12187,558738876
12245,558739017
12217,558739157
12215,558739298
12211,558739440
12209,558739581
12197,558739721
12199,558739862
12240,558740003
12229,558740144
12220,558740285
12212,558740426
12199,558740567
12210,558740707
12206,558740848
12225,558740990
12240,558741130
12239,558741271
12197,558741412
12209,558741553
12214,558741694
12208,558741834
12230,558741976
12254,558742117
12224,558742257
12226,558742398
12211,558742539
12230,558742680
12203,558742821
12229,558742961
12237,558743103
12259,558743244
12215,558743385
12224,558743525
12215,558743667
12198,558743807
12225,558743948
12210,558744089
12209,558744230
12225,558744371
12209,558744511
12228,558744653
12230,558744794
12218,558744934
12219,558745075
12200,558745217
12203,558745358
12210,558745498
12206,558745639
12210,558745780
12214,558745921
12199,558746062
12199,558746202
12188,558746344
12208,558746485
12205,558746625
12204,558746767
12196,558746907
12208,558747048
12203,558747189
12202,558747330
12191,558747470
12201,558747611
12194,558747751
12190,558747893
12196,558748034
12186,558748174
12196,558748315
12185,558748457
12197,558748598
12189,558748738
12208,558748879
12170,558749020
12193,558749161
12190,558749302
12175,558749443
12184,558749584
12191,558749724
12191,558749865
12179,558750007
12183,558750147
12192,558750289
12184,558750429
12176,558750571
12174,558750711
12176,558750852
12195,558750993
12190,558751134
12176,558751275
12189,558751415
12178,558751557
12187,558751697
12179,558751838
12192,558751978
12189,558752120
12226,558752262
12199,558752403
12191,558752543
12173,558752685
12185,558752825
12186,558752966
12183,558753107
12222,558753248
12195,558753389
12192,558753530
12191,558753671
12192,558753812
12189,558753952
12194,558754093
12221,558754235
12219,558754375
12198,558754516
12203,558754656
12204,558754798
12198,558754938
12185,558755079
12207,558755220
12244,558755361
12220,558755501
12206,558755642
12203,558755783
12203,558755924
12204,558756065
12202,558756205
12248,558756347
12214,558756487
12226,558756628
12211,558756768
12207,558756910
12203,558757051
12196,558757191
12242,558757331
12220,558757473
12211,558757613
12199,558757754
12217,558757895
12212,558758036
12211,558758177
12242,558758318
12240,558758459
12217,558758600
12213,558758740
12219,558758881
12211,558759023
12210,558759163
12240,558759304
12228,558759445
12222,558759587
12213,558759727
12217,558759868
12219,558760009
12218,558760150
12205,558760291
12228,558760431
12221,558760573
12218,558760713
12218,558760854
12210,558760994
12213,558761136
12210,558761277
12222,558761418
12203,558761558
12210,558761700
12186,558761841
12222,558761981
12204,558762122
12203,558762263
12202,558762404
12214,558762545
12220,558762686
12187,558762827
12196,558762967
12208,558763108
12206,558763249
12204,558763391
12200,558763531
12209,558763672
12187,558763813
12200,558763954
12205,558764094
12178,558764235
12188,558764376
12199,558764517
12195,558764657
12195,558764799
12200,558764939
12185,558765080
12188,558765221
12191,558765362
12189,558765503
12158,558765643
12213,558765784
12184,558765925
12177,558766066
12184,558766206
12207,558766348
12193,558766489
12184,558766630
12201,558766770
12185,558766912
12210,558767052
12187,558767193
12166,558767334
12193,558767475
12158,558767617
12219,558767757
12184,558767898
12194,558768040
12191,558768180
12187,558768321
12186,558768462
12211,558768603
12215,558768744
12190,558768884
12211,558769026
12204,558769167
12183,558769308
12201,558769448
12244,558769590
12208,558769730
12205,558769871
12187,558770011
12203,558770153
12193,558770294
12196,558770435
12240,558770575
12206,558770717
12204,558770858
12205,558770998
12205,558771139
12190,558771280
12218,558771420
12235,558771561
12228,558771702
12199,558771843
12199,558771983
12202,558772124
12197,558772266
12199,558772407
12229,558772548
12242,558772688
12212,558772830
12211,558772970
12200,558773111
12215,558773252
12196,558773393
12236,558773533
12243,558773674
12213,558773815
12212,558773956
12220,558774097
12206,558774237
12231,558774378
12217,558774519
12235,558774659
12229,558774800
12220,558774942
12199,558775082
12203,558775223
12212,558775364
12204,558775505
12253,558775646
12226,558775786
12228,558775928
12217,558776069
12217,558776209
12212,558776349
12220,558776491
12209,558776632
12200,558776772
12215,558776913
12210,558777055
12199,558777195
12221,558777336
12202,558777477
12206,558777618
12217,558777759
12217,558777899
12210,558778041
12206,558778181
12214,558778322
12200,558778463
12217,558778604
12207,558778746
12203,558778886
12216,558779027
12209,558779169
12202,558779310
12192,558779450
12196,558779591
12200,558779732
12208,558779873
12195,558780014
12201,558780155
12201,558780295
12200,558780436
12187,558780576
12204,558780718
12191,558780858
12188,558780999
12184,558781140
12174,558781281
12193,558781422
12192,558781562
12188,558781703
12188,558781844
12186,558781985
12176,558782126
12184,558782267
12170,558782408
12185,558782549
12179,558782689
12183,558782831
12194,558782972
12190,558783113
12188,558783253
12179,558783395
12193,558783535
12172,558783676
12184,558783816
12205,558783958
12198,558784099
12186,558784239
12183,558784379
12184,558784521
12184,558784661
12231,558784802
12196,558784943
12202,558785084
12192,558785225
12188,558785366
12198,558785507
12183,558785648
12217,558785788
12214,558785929
12193,558786071
12188,558786211
12202,558786352
12196,558786493
12186,558786635
12219,558786775
12223,558786916
12208,558787057
12208,558787198
12200,558787339
12205,558787479
12201,558787621
12212,558787761
12235,558787902
12211,558788043
12204,558788184
12212,558788325
12199,558788466
12202,558788606
12195,558788748
12250,558788889
12218,558789029
12224,558789170
12214,558789311
12213,558789451
12208,558789592
12212,558789733
12241,558789874
12227,558790015
12218,558790155
12213,558790297
12210,558790437
12216,558790578
12206,558790718
12229,558790860
12233,558791001
12223,558791141
12206,558791282
12229,558791424
12212,558791564
12209,558791705
12229,558791846
12242,558791987
12229,558792128
12219,558792268
12212,558792409
12225,558792550
12225,558792690
12219,558792831
12199,558792973
12210,558793113
12221,558793254
12227,558793395
12200,558793537
12217,558793677
12211,558793818
12219,558793959
12210,558794100
12203,558794240
12180,558794381
12189,558794523
12200,558794664
12201,558794804
12198,558794945
12215,558795087
12199,558795227
12191,558795368
12206,558795509
12203,558795650
12200,558795791
12192,558795931
12196,558796073
12192,558796213
12205,558796354
12187,558796494
12205,558796636
12209,558796776
12163,558796917
12193,558797058
12173,558797199
12189,558797340
12204,558797481
12186,558797621
12164,558797763
12185,558797904
12184,558798044
12198,558798185
12194,558798326
12192,558798466
12183,558798607
12182,558798748
12185,558798889
12187,558799030
12187,558799170
12197,558799312
12189,558799452
12191,558799593
12179,558799733
12188,558799875
12180,558800016
12179,558800156
12181,558800297
12186,558800438
12187,558800578
12183,558800719
12188,558800860
12200,558801001
12227,558801142
12205,558801283
12190,558801424
12187,558801565
12184,558801706
12183,558801847
12193,558801988
12229,558802129
12208,558802270
12194,558802411
12196,558802552
12190,558802693
12202,558802833
12190,558802975
12237,558803115
12223,558803256
12202,558803397
12203,558803539
12207,558803679
12195,558803820
12205,558803960
12235,558804102
12221,558804243
12205,558804384
12205,558804524
12214,558804666
12195,558804806
12205,558804947
12220,558805088
12228,558805229
12207,558805370
12224,558805510
12200,558805652
12215,558805792
12206,558805933
12220,558806074
12242,558806215
12220,558806356
12219,558806497
12216,558806638
12210,558806779
12203,558806920
12213,558807060
12253,558807202
12216,558807342
12217,558807483
12209,558807623
12223,558807764
12223,558807905
12207,558808046
12231,558808186
12239,558808328
12219,558808468
12217,558808609
12224,558808749
12233,558808891
12221,558809032
12224,558809172
12203,558809313
12222,558809454
12207,558809594
12212,558809735
12213,558809876
12228,558810017
12208,558810158
12214,558810299
12212,558810440
12203,558810581
12215,558810721
12212,558810862
12200,558811004
12198,558811144
12215,558811285
12198,558811426
12198,558811567
12186,558811708
12193,558811848
12201,558811990
12201,558812131
12199,558812272
12193,558812412
12196,558812554
12192,558812694
12189,558812835
12197,558812975
12189,558813117
12192,558813258
12183,558813399
12201,558813539
12202,558813681
12199,558813821
12177,558813962
12175,558814103
12175,558814244
12175,558814385
12190,558814526
12196,558814667
12181,558814808
12184,558814948
12210,558815089
12175,558815231
12180,558815371
12187,558815512
12195,558815652
12182,558815794
12189,558815934
12181,558816075
12195,558816216
12178,558816357
12182,558816497
12194,558816638
12186,558816779
12180,558816920
12200,558817060
12194,558817201
12227,558817342
12211,558817483
12200,558817623
12188,558817764
12183,558817906
12195,558818046
12198,558818187
12206,558818328
12213,558818469
12207,558818610
12205,558818750
12202,558818892
12187,558819033
12195,558819173
12213,558819314
12233,558819455
12208,558819596
12203,558819736
12214,558819877
12191,558820019
12184,558820159
12205,558820300
12238,558820441
12208,558820582
12211,558820723
12213,558820863
12199,558821005
12199,558821146
12201,558821287
12232,558821427
12220,558821569
12217,558821709
12202,558821850
12213,558821990
12205,558822132
12194,558822273
12249,558822414
12227,558822554
12209,558822696
12208,558822836
12210,558822977
12205,558823118
12199,558823259
12246,558823400
12249,558823540
12215,558823682
12221,558823822
12201,558823963
12225,558824104
12211,558824245
12221,558824386
12246,558824527
12215,558824668
12213,558824809
12222,558824950
12233,558825090
12219,558825232
12177,558825372
12207,558825513
12210,558825653
12195,558825794
12210,558825935
12206,558826076
12221,558826216
12215,558826358
12207,558826498
12191,558826639
12237,558826779
12208,558826921
12212,558827062
12209,558827202
12185,558827344
12208,558827485
12207,558827625
12179,558827766
12192,558827907
12216,558828048
12214,558828189
12222,558828330
12217,558828471
12201,558828612
12190,558828752
12201,558828893
12177,558829035
12193,558829175
12173,558829316
12204,558829457
12185,558829598
12195,558829739
12196,558829879
12195,558830021
12183,558830161
12193,558830302
12182,558830443
12192,558830585
12195,558830725
12184,558830866
12182,558831006
12168,558831148
12180,558831289
12184,558831430
12177,558831570
12186,558831712
12177,558831852
12175,558831993
12172,558832134
12174,558832275
12187,558832415
12196,558832556
12168,558832697
12186,558832838
12187,558832978
12187,558833119
12175,558833261
12188,558833402
12192,558833542
12224,558833683
12206,558833824
12193,558833965
12200,558834105
12173,558834247
12191,558834388
12190,558834528
12225,558834669
12218,558834810
12199,558834951
12198,558835092
12192,558835232
12194,558835374
12191,558835515
12238,558835656
12213,558835796
12202,558835938
12205,558836079
12208,558836219
12193,558836360
12195,558836501
12205,558836641
12234,558836782
12193,558836923
12205,558837064
12187,558837205
12199,558837346
12201,558837487
12209,558837628
12232,558837768
12226,558837909
12223,558838051
12218,558838191
12199,558838332
12209,558838473
12205,558838614
12240,558838755
12234,558838895
12226,558839037
12210,558839178
12220,558839319
12216,558839459
12213,558839601
12262,558839741
12220,558839882
12226,558840023
12212,558840164
12227,558840305
12213,558840445
12216,558840586
12226,558840727
12244,558840868
12212,558841008
12210,558841150
12195,558841290
12218,558841431
12205,558841571
12218,558841713
12218,558841853
12225,558841994
12216,558842135
12216,558842276
12210,558842417
12208,558842557
12214,558842698
12227,558842839
12203,558842980
12215,558843120
12207,558843262
12204,558843403
12214,558843543
12184,558843684
12209,558843825
12203,558843966
12192,558844107
12207,558844247
12201,558844389
12207,558844530
12196,558844671
12190,558844811
12184,558844953
12203,558845093
12182,558845234
12197,558845375
12212,558845516
12179,558845657
12209,558845797
12186,558845939
12194,558846080
12191,558846220
12183,558846361
12189,558846503
12183,558846643
12192,558846784
12177,558846924
12196,558847066
12177,558847207
12184,558847348
12190,558847488
12186,558847630
12186,558847770
12178,558847911
12191,558848052
12168,558848193
12181,558848334
12196,558848474
12175,558848616
12192,558848757
12183,558848897
12179,558849038
12188,558849180
12186,558849321
12185,558849461
12174,558849602
12186,558849743
12200,558849884
12214,558850024
12194,558850166
12180,558850306
12195,558850447
12198,558850587
12174,558850729
12203,558850869
12215,558851010
12192,558851151
12209,558851292
12186,558851433
12189,558851573
12200,558851714
12182,558851855
12225,558851996
12201,558852136
12201,558852278
12208,558852419
12201,558852559
12188,558852700
12220,558852841
12218,558852982
12216,558853123
12173,558853264
12206,558853405
12184,558853546
12179,558853686
12209,558853827
12236,558853969
12245,558854109
12230,558854250
12210,558854391
12198,558854532
12203,558854673
12215,558854813
12223,558854955
12240,558855096
12218,558855236
12209,558855377
12211,558855519
12219,558855659
12217,558855800
12235,558855940
12245,558856082
12252,558856223
12186,558856364
12213,558856504
12208,558856646
12189,558856787
12209,558856927
12229,558857069
12197,558857209
12220,558857350
12205,558857491
12219,558857632
12210,558857773
12210,558857913
12218,558858054
12195,558858196
12196,558858337
12200,558858477
12218,558858618
12206,558858760
12213,558858900
12219,558859041
12207,558859182
12205,558859323
12210,558859463
12211,558859604
12196,558859745
12209,558859885
12207,558860026
12193,558860167
12204,558860308
12188,558860449
12210,558860589
12199,558860730
12202,558860871
12193,558861012
12189,558861153
12190,558861294
12184,558861435
12184,558861576
12190,558861716
12190,558861858
12203,558861998
12196,558862139
12175,558862280
12191,558862422
12192,558862562
12199,558862703
12188,558862843
12196,558862985
12175,558863126
12195,558863267
12180,558863408
12195,558863549
12168,558863689
12176,558863830
12188,558863971
12197,558864112
12182,558864253
12182,558864394
12181,558864535
12184,558864676
12185,558864816
12187,558864957
12179,558865099
12177,558865239
12200,558865380
12176,558865521
12174,558865662
12172,558865803
12181,558865943
12189,558866085
12240,558866226
12213,558866367
12202,558866507
12198,558866649
12187,558866789
12173,558866930
12184,558867071
12233,558867212
12216,558867353
12205,558867494
12195,558867634
12180,558867776
12194,558867917
12186,558868057
12218,558868199
12215,558868339
12203,558868479
12190,558868620
12189,558868761
12195,558868902
12201,558869043
12214,558869183
12223,558869325
12203,558869465
12217,558869606
12195,558869746
12203,558869888
12199,558870029
12210,558870169
12243,558870311
12221,558870452
12209,558870592
12202,558870733
12198,558870874
12202,558871015
12198,558871156
12249,558871297
12217,558871438
12206,558871579
12191,558871719
12206,558871860
12214,558872002
12210,558872142
12233,558872283
12225,558872424
12216,558872565
12216,558872706
12212,558872846
12219,558872988
12207,558873129
12232,558873270
12227,558873410
12214,558873552
12225,558873692
12209,558873833
12223,558873973
12216,558874115
12207,558874255
12215,558874396
12225,558874536
12197,558874678
12215,558874818
12207,558874959
12214,558875100
12208,558875241
12199,558875382
12210,558875523
12203,558875664
12199,558875805
12207,558875945
12200,558876086
12191,558876228
12216,558876369
12180,558876509
12186,558876650
12202,558876791
12196,558876932
12189,558877072
12198,558877214
12181,558877354
12195,558877495
12186,558877635
12198,558877777
12200,558877917
12205,558878058
12187,558878199
12182,558878340
12192,558878481
12182,558878621
12195,558878762
12189,558878903
12187,558879044
12172,558879185
12193,558879326
12187,558879467
12202,558879608
12197,558879748
12196,558879889
12181,558880030
12183,558880171
12186,558880312
12196,558880453
12180,558880594
12182,558880735
12176,558880875
12183,558881017
12202,558881157
12175,558881298
12200,558881439
12182,558881580
12203,558881721
12187,558881862
12177,558882003
12189,558882144
12183,558882285
12196,558882426
12213,558882567
12199,558882708
12195,558882848
12182,558882989
12174,558883130
12195,558883272
12200,558883412
12245,558883553
12236,558883694
12208,558883835
12186,558883975
12174,558884117
12199,558884257
12191,558884398
12240,558884539
12205,558884680
12208,558884821
12159,558884961
12203,558885102
12238,558885244
12202,558885385
12245,558885525
12228,558885666
12169,558885807
12204,558885948
12197,558886089
12226,558886230
12208,558886371
12217,558886512
12236,558886652
12233,558886794
12242,558886934
12226,558887075
12210,558887215
12207,558887357
12205,558887497
12237,558887638
12226,558887778
12214,558887920
12209,558888061
12202,558888201
12207,558888343
12206,558888484
12260,558888624
12221,558888765
12220,558888906
12201,558889047
12214,558889187
12211,558889329
12204,558889470
12258,558889611
12232,558889752
12231,558889893
12234,558890034
12218,558890175
12220,558890316
12206,558890457
12219,558890598
12208,558890738
12206,558890879
12192,558891021
12210,558891161
12185,558891302
12198,558891443
12203,558891584
12196,558891725
12211,558891865
12205,558892006
12215,558892148
12208,558892289
12191,558892429
12208,558892570
12196,558892711
12202,558892852
12203,558892993
12212,558893134
12206,558893275
12194,558893415
12191,558893555
12189,558893697
12188,558893838
12189,558893978
12198,558894119
12198,558894261
12210,558894402
12187,558894542
12186,558894683
12181,558894824
12195,558894965
12178,558895105
12178,558895247
12180,558895387
12192,558895528
12202,558895669
12197,558895810
12183,558895951
12206,558896092
12193,558896232
12181,558896374
12195,558896514
12181,558896655
12194,558896795
12187,558896937
12175,558897077
12173,558897218
12177,558897360
12178,558897500
12188,558897641
12180,558897781
12162,558897923
12174,558898064
12175,558898204
12185,558898345
12184,558898487
12186,558898627
12225,558898768
12191,558898908
12203,558899050
12182,558899191
12184,558899332
12187,558899473
12174,558899614
12223,558899754
12226,558899895
12194,558900037
12200,558900177
12191,558900318
12193,558900459
12184,558900600
12222,558900741
12220,558900881
12204,558901022
12201,558901164
12198,558901305
12202,558901445
12196,558901586
12199,558901727
12239,558901868
12211,558902009
12210,558902150
12209,558902290
12195,558902431
12192,558902571
12212,558902713
12246,558902853
12230,558902994
12211,558903135
12224,558903276
12219,558903417
12206,558903557
12203,558903698
12249,558903839
12230,558903980
12228,558904121
12209,558904262
12221,558904403
12203,558904544
12214,558904684
12232,558904826
12217,558904966
12215,558905107
12219,558905247
12212,558905389
12216,558905530
12219,558905670
12222,558905811
12242,558905952
12223,558906093
12210,558906233
12207,558906375
12212,558906516
12222,558906656
12218,558906797
12214,558906938
12211,558907079
12207,558907220
12208,558907361
12217,558907502
12207,558907643
12211,558907783
12211,558907924
12213,558908066
12210,558908206
12195,558908347
12209,558908488
12211,558908629
12191,558908770
12207,558908910
12204,558909052
12195,558909193
12194,558909334
12198,558909474
12199,558909616
12188,558909756
12195,558909897
12190,558910038
12198,558910179
12194,558910320
12192,558910461
12190,558910601
12181,558910743
12197,558910884
12188,558911024
12191,558911166
12194,558911306
12181,558911447
12179,558911587
12149,558911729
12175,558911869
12186,558912010
12201,558912150
12182,558912292
12174,558912432
12197,558912573
12193,558912713
12175,558912855
12185,558912996
12189,558913136
12174,558913278
12176,558913419
12183,558913559
12125,558913700
12192,558913841
12179,558913982
12160,558914123
12175,558914264
12167,558914405
12185,558914546
12168,558914686
12172,558914827
12196,558914968
12222,558915109
12193,558915250
12189,558915391
12168,558915532
12204,558915673
12197,558915813
12204,558915955
12243,558916095
12211,558916236
12196,558916377
12196,558916519
12195,558916659
12178,558916800
12210,558916940
12234,558917082
12176,558917223
12196,558917364
12203,558917505
12206,558917646
12199,558917786
12204,558917927
12231,558918068
12229,558918209
12214,558918349
12190,558918490
12193,558918631
12201,558918772
12226,558918913
12222,558919053
12236,558919195
12212,558919336
12210,558919477
12230,558919617
12199,558919759
12202,558919899
12214,558920040
12240,558920181
12224,558920322
12214,558920463
12210,558920603
12235,558920745
12205,558920886
12217,558921026
12237,558921167
12223,558921308
12211,558921449
12211,558921589
12221,558921730
12209,558921871
12211,558922012
12252,558922153
12245,558922294
12218,558922435
12213,558922576
12231,558922716
12217,558922858
12213,558922998
12204,558923139
12221,558923280
12217,558923422
12220,558923562
12216,558923703
12219,558923843
12210,558923985
12201,558924126
12216,558924267
12210,558924408
12218,558924549
12220,558924689
12233,558924829
12235,558924971
12251,558925112
12247,558925252
12273,558925393
12280,558925535
12267,558925676
12275,558925816
12277,558925957
12282,558926099
12305,558926239
12290,558926380
12311,558926521
12314,558926662
12320,558926803
12313,558926943
12319,558927085
12331,558927226
12309,558927367
12332,558927507
12328,558927649
12338,558927789
12349,558927930
12340,558928070
12351,558928212
12338,558928353
12366,558928494
12343,558928634
12348,558928776
12354,558928916
12362,558929057
12356,558929198
12371,558929339
12367,558929479
12351,558929620
12359,558929761
12340,558929902
12356,558930042
12359,558930184
12358,558930325
12361,558930466
12365,558930606
12370,558930747
12358,558930888
12365,558931029
12379,558931169
12409,558931311
12399,558931452
12382,558931593
12373,558931733
12369,558931874
12380,558932015
12373,558932156
12386,558932297
12419,558932438
12382,558932579
12388,558932720
12371,558932860
12370,558933002
12377,558933142
12382,558933283
12423,558933425
12385,558933565
12386,558933706
12381,558933846
12376,558933988
12401,558934129
12387,558934270
12421,558934410
12390,558934552
12382,558934693
12378,558934834
12378,558934974
12385,558935116
12379,558935257
12443,558935398
12411,558935539
12382,558935680
12376,558935820
12377,558935961
12384,558936102
12396,558936243
12421,558936384
12412,558936525
12391,558936666
12394,558936807
12395,558936947
12402,558937088
12394,558937230
12413,558937371
12408,558937511
12408,558937652
12401,558937794
12401,558937934
12390,558938075
12401,558938216
12422,558938356
12421,558938497
12404,558938637
12411,558938779
12404,558938920
12409,558939060
12394,558939201
12370,558939342
12395,558939483
12387,558939623
12391,558939764
12392,558939905
12398,558940046
12386,558940187
12369,558940329
12392,558940469
12371,558940610
12401,558940750
12383,558940892
12391,558941032
12382,558941173
12383,558941314
12375,558941456
12356,558941596
12371,558941737
12379,558941877
12380,558942019
12368,558942160
12375,558942301
12376,558942442
12390,558942583
12359,558942723
12368,558942864
12366,558943005
12368,558943146
12380,558943287
12370,558943427
12370,558943569
12368,558943710
12384,558943850
12380,558943991
12356,558944133
12354,558944274
12356,558944414
12370,558944555
12351,558944696
12312,558944837
12338,558944977
12360,558945119
12310,558945260
12349,558945401
12350,558945541
12336,558945682
12337,558945823
12389,558945964
12357,558946104
12338,558946246
12346,558946387
12337,558946528
12386,558946668
12315,558946810
12323,558946950
12331,558947091
12321,558947232
12333,558947373
12379,558947513
12358,558947654
12357,558947795
12332,558947936
12334,558948077
12339,558948217
12315,558948359
12326,558948499
12360,558948640
12352,558948780
12310,558948922
12350,558949062
12324,558949203
12317,558949345
12316,558949485
12351,558949626
12347,558949766
12313,558949908
12324,558950048
12330,558950189
12316,558950330
12320,558950472
12350,558950612
12330,558950753
12316,558950893
12308,558951035
12307,558951176
12323,558951316
12291,558951457
12316,558951598
12340,558951739
12319,558951879
12319,558952021
12306,558952161
12299,558952302
12301,558952443
12318,558952585
12327,558952725
12322,558952866
12310,558953006
12287,558953148
12302,558953288
12308,558953429
12298,558953570
12340,558953711
12313,558953851
12308,558953992
12303,558954134
12312,558954274
12299,558954415
12291,558954555
12334,558954697
12318,558954837
12321,558954978
12304,558955118
12297,558955260
12310,558955401
12297,558955542
12303,558955682
12287,558955824
12300,558955964
12286,558956105
12295,558956246
12288,558956387
12288,558956527
12280,558956668
12282,558956809
12285,558956950
12291,558957091
12278,558957231
12278,558957373
12274,558957513
12273,558957654
12276,558957794
12275,558957936
12266,558958077
12273,558958217
12274,558958359
12265,558958500
12277,558958640
12275,558958781
12249,558958922
12269,558959063
12263,558959203
12260,558959344
12266,558959486
12263,558959627
12262,558959767
12255,558959908
12265,558960049
12265,558960190
12267,558960331
12275,558960472
12264,558960613
12246,558960753
12253,558960894
12248,558961035
12260,558961176
12239,558961317
12254,558961458
12245,558961600
12258,558961740
12254,558961881
12253,558962021
12244,558962163
12252,558962304
12249,558962445
12251,558962585
12238,558962726
12254,558962867
12249,558963008
12245,558963149
12247,558963290
12236,558963430
12245,558963571
12261,558963712
12275,558963853
12285,558963993
12251,558964134
12246,558964275
12255,558964416
12249,558964556
12237,558964697
12270,558964838
12282,558964979
12254,558965120
12256,558965262
12252,558965402
12245,558965543
12255,558965683
12253,558965825
12273,558965965
12255,558966106
12244,558966247
12266,558966389
12259,558966529
12253,558966670
12246,558966810
12291,558966952
12256,558967093
12264,558967233
12257,558967375
12252,558967516
12256,558967656
12259,558967797
12278,558967938
12272,558968079
12272,558968219
12245,558968360
12264,558968502
12268,558968643
12249,558968783
12284,558968924
12268,558969066
12270,558969206
12253,558969347
12253,558969488
12255,558969629
12261,558969770
12265,558969910
12285,558970052
12257,558970192
12273,558970334
12261,558970474
12264,558970616
12250,558970756
12270,558970897
12274,558971038
12271,558971179
12267,558971320
12263,558971461
12255,558971602
12262,558971743
12246,558971883
12258,558972024
12258,558972165
12261,558972306
12232,558972446
12249,558972587
12242,558972728
12247,558972869
12260,558973010
12264,558973150
12264,558973292
12256,558973432
12248,558973573
12237,558973713
12243,558973855
12251,558973995
12249,558974136
12257,558974277
12269,558974418
12241,558974558
12238,558974699
12268,558974840
12204,558974981
12245,558975121
12245,558975263
12250,558975404
12268,558975545
12245,558975685
12244,558975826
12235,558975967
12243,558976108
12230,558976248
12269,558976390
12237,558976531
12232,558976671
12219,558976812
12238,558976953
12236,558977094
12221,558977235
12181,558977376
12215,558977517
12230,558977658
12236,558977798
12218,558977939
12216,558978081
12221,558978221
12233,558978362
12224,558978504
12223,558978644
12229,558978785
12213,558978925
12237,558979067
12223,558979207
12225,558979348
12232,558979488
12229,558979630
12235,558979771
12225,558979911
12223,558980052
12261,558980193
12237,558980335
12225,558980475
12237,558980616
12216,558980757
12227,558980898
12220,558981038
12269,558981180
12246,558981320
12228,558981461
12229,558981601
12236,558981743
12230,558981883
12217,558982024
12267,558982164
12252,558982307
12238,558982447
12226,558982588
12247,558982728
12229,558982870
12224,558983010
12253,558983151
12251,558983293
12257,558983434
12242,558983574
12233,558983714
12240,558983856
12240,558983997
12245,558984137
12268,558984278
12222,558984420
12237,558984561
12245,558984701
12233,558984842
12237,558984983
12238,558985124
12262,558985265
12262,558985406
12242,558985547
12243,558985688
12241,558985828
12223,558985969
12228,558986110
12274,558986251
12261,558986392
12246,558986534
12247,558986674
12232,558986815
12236,558986955
12243,558987097
12267,558987238
12262,558987379
12242,558987520
12240,558987661
12233,558987801
12232,558987942
12243,558988083
12236,558988224
12238,558988365
12226,558988505
12229,558988647
12236,558988788
12239,558988928
12236,558989069
12233,558989211
12243,558989352
12244,558989492
12238,558989633
12234,558989774
12240,558989915
12239,558990055
12226,558990197
12245,558990337
12214,558990478
12234,558990618
12232,558990760
12219,558990900
12232,558991041
12232,558991181
12233,558991323
12217,558991464
12230,558991604
12229,558991745
12216,558991886
12218,558992027
12221,558992167
12225,558992309
12234,558992450
12243,558992590
12224,558992731
12211,558992873
12223,558993013
12205,558993154
12211,558993295
12217,558993437
12221,558993577
12218,558993718
12201,558993858
12214,558994000
12202,558994141
12215,558994282
12228,558994423
12207,558994564
12211,558994704
12217,558994845
12205,558994986
12207,558995127
12224,558995268
12215,558995408
12207,558995550
12211,558995691
12216,558995831
12197,558995972
12194,558996113
12203,558996254
12222,558996395
12229,558996536
12222,558996677
12209,558996817
12223,558996958
12209,558997099
12211,558997240
12226,558997381
12234,558997522
12223,558997663
12220,558997804
12224,558997945
12209,558998085
12207,558998227
12206,558998368
12243,558998508
12214,558998649
12218,558998790
12231,558998931
12218,558999072
12213,558999213
12208,558999354
12252,558999494
12237,558999635
12225,558999776
12224,558999917
12220,559000057
12216,559000198
12220,559000340
12264,559000481
12242,559000621
12229,559000762
12222,559000903
12235,559001044
12223,559001184
12226,559001326
12239,559001467
12258,559001607
12225,559001748
12223,559001889
12242,559002030
12225,559002171
12214,559002312
12226,559002453
12262,559002594
12250,559002735
12226,559002875
12250,559003017
12257,559003157
12244,559003298
12223,559003440
12272,559003580
12233,559003721
12236,559003861
12247,559004003
12239,559004143
12222,559004285
12224,559004425
12220,559004567
12219,559004707
12254,559004848
12225,559004988
12248,559005130
12221,559005271
12217,559005412
12233,559005553
12224,559005694
12221,559005834
12249,559005975
12251,559006116
12220,559006257
12216,559006398
12216,559006538
12220,559006680
12220,559006821
12230,559006961
12215,559007102
12216,559007244
12221,559007385
12208,559007525
12213,559007666
12203,559007807
12230,559007948
12205,559008088
12210,559008230
12221,559008370
12198,559008511
12203,559008651
12214,559008793
12214,559008934
12208,559009075
12213,559009215
12220,559009357
12199,559009497
12195,559009638
12215,559009778
12204,559009920
12209,559010061
12196,559010201
12198,559010343
12195,559010484
12198,559010624
12192,559010765
12191,559010906
12198,559011047
12196,559011187
12190,559011329
12189,559011470
12177,559011611
12197,559011751
12192,559011892
12189,559012033
12195,559012174
12188,559012315
12185,559012456
12214,559012597
12234,559012738
12209,559012878
12201,559013020
12198,559013160
12197,559013301
12187,559013442
12195,559013583
12229,559013724
12218,559013865
12212,559014005
12204,559014147
12193,559014288
12207,559014428
12205,559014570
12220,559014710
12221,559014851
12220,559014991
12213,559015133
12207,559015273
12215,559015414
12210,559015554
12215,559015696
12245,559015837
12241,559015977
12209,559016118
12212,559016260
12207,559016401
12199,559016541
12200,559016682
12268,559016823
12218,559016964
12224,559017104
12213,559017246
12208,559017387
12221,559017527
12222,559017668
12254,559017809
12246,559017950
12229,559018091
12215,559018231
12218,559018373
12202,559018514
12207,559018654
12252,559018795
12232,559018937
12229,559019077
12230,559019218
12212,559019360
12214,559019500
12228,559019641
12234,559019781
12237,559019923
12219,559020064
12222,559020204
12233,559020345
12212,559020487
12214,559020627
12226,559020768
12218,559020908
12213,559021050
12217,559021191
12213,559021332
12214,559021473
12199,559021614
12203,559021754
12206,559021895
12215,559022036
12227,559022177
12215,559022318
12216,559022459
12213,559022600
12212,559022741
12223,559022881
12213,559023022
12221,559023164
12212,559023305
12201,559023445
12194,559023587
12202,559023727
12208,559023868
12205,559024008
12202,559024150
12186,559024290
12198,559024431
12196,559024571
12196,559024713
12202,559024854
12198,559024994
12201,559025135
12192,559025276
12203,559025417
12200,559025557
12188,559025698
12188,559025839
12186,559025980
12199,559026120
12192,559026262
12188,559026403
12208,559026544
12190,559026684
12191,559026826
12182,559026966
12191,559027107
12192,559027247
12201,559027389
12183,559027529
12194,559027670
12198,559027810
12198,559027952
12189,559028093
12176,559028233
12179,559028375
12189,559028516
12191,559028656
12178,559028797
12192,559028938
12215,559029079
12210,559029220
12184,559029361
12200,559029502
12181,559029643
12194,559029783
12201,559029924
12229,559030066
12212,559030206
12213,559030347
12195,559030489
12196,559030629
12199,559030770
12200,559030910
12217,559031052
12215,559031192
12191,559031334
12228,559031474
12212,559031616
12196,559031756
12194,559031897
12241,559032038
12226,559032179
12191,559032320
12206,559032461
12214,559032602
12202,559032743
12203,559032883
12222,559033024
12243,559033166
12208,559033307
12220,559033447
12168,559033588
12204,559033729
12207,559033870
12239,559034011
12254,559034151
12214,559034292
12218,559034433
12242,559034574
12198,559034714
12224,559034855
12239,559034996
12251,559035137
12232,559035279
12218,559035419
12215,559035560
12183,559035701
12163,559035842
12222,559035983
12266,559036123
12235,559036264
12224,559036406
12217,559036547
12222,559036687
12229,559036828
12233,559036969
12216,559037110
12220,559037250
12210,559037392
12201,559037533
12202,559037673
12205,559037815
12211,559037956
12214,559038097
12218,559038237
12202,559038379
12207,559038520
12202,559038661
12210,559038801
12202,559038942
12189,559039084
12215,559039224
12205,559039365
12193,559039507
12212,559039647
12206,559039788
12186,559039928
12196,559040070
12205,559040210
12188,559040352
12216,559040492
12190,559040634
12195,559040774
12202,559040915
12189,559041055
12186,559041197
12193,559041338
12191,559041479
12198,559041620
12192,559041761
12173,559041901
12183,559042042
12187,559042183
12184,559042324
12174,559042464
12195,559042605
12182,559042746
12161,559042887
12196,559043028
12183,559043168
12189,559043311
12184,559043452
12183,559043593
12188,559043734
12178,559043875
12169,559044015
12172,559044156
12181,559044298
12176,559044439
12187,559044579
12177,559044720
12178,559044861
12187,559045002
12192,559045142
12224,559045283
12195,559045425
12195,559045566
12205,559045706
12190,559045847
12190,559045988
12192,559046129
12228,559046270
12224,559046412
12212,559046552
12191,559046693
12194,559046833
12200,559046975
12201,559047115
12203,559047256
12229,559047397
12205,559047539
12202,559047679
12212,559047820
12176,559047960
12194,559048102
12220,559048243
12239,559048384
12213,559048525
12214,559048666
12206,559048806
12202,559048947
12203,559049088
12219,559049229
12244,559049370
12238,559049511
12211,559049652
12205,559049793
12213,559049933
12198,559050074
12204,559050216
12252,559050357
12224,559050497
12220,559050638
12211,559050779
12209,559050920
12203,559051060
12211,559051202
12239,559051343
12229,559051483
12221,559051624
12211,559051766
12210,559051907
12201,559052048
12219,559052188
12248,559052329
12248,559052470
12231,559052611
12229,559052751
12215,559052892
12213,559053033
12217,559053174
12208,559053316
12212,559053456
12208,559053597
12198,559053737
12212,559053879
12220,559054020
12206,559054160
12200,559054301
12213,559054443
12209,559054583
12222,559054724
12203,559054865
12200,559055006
12217,559055147
12197,559055287
12204,559055428
12205,559055569
12197,559055710
12198,559055850
12205,559055992
12202,559056132
12193,559056273
12209,559056414
12206,559056556
12218,559056696
12190,559056837
12198,559056977
12189,559057119
12180,559057260
12195,559057401
12188,559057542
12198,559057683
12183,559057823
12197,559057964
12195,559058105
12188,559058246
12186,559058387
12193,559058528
12183,559058669
12190,559058810
12184,559058950
12182,559059091
12196,559059233
12185,559059374
12164,559059514
12187,559059655
12188,559059796
12189,559059937
12183,559060077
12181,559060219
12178,559060359
12183,559060500
12195,559060640
12178,559060782
12185,559060922
12177,559061063
12179,559061204
12188,559061345
12194,559061486
12222,559061626
12207,559061767
12215,559061908
12202,559062049
12178,559062189
12171,559062331
12191,559062472
12239,559062613
12192,559062753
12203,559062894
12187,559063035
12187,559063176
12194,559063317
12178,559063459
12251,559063599
12182,559063740
12204,559063880
12209,559064022
12196,559064162
12185,559064303
12204,559064445
12248,559064585
12229,559064726
12204,559064866
12188,559065008
12231,559065149
12205,559065290
12212,559065430
12218,559065572
12229,559065712
12198,559065853
12203,559065993
12200,559066135
12213,559066276
12202,559066417
12216,559066558
12247,559066699
12222,559066839
12225,559066980
12251,559067121
12218,559067262
12210,559067403
12215,559067544
12272,559067685
12213,559067826
12216,559067966
12207,559068107
12227,559068249
12214,559068390
12220,559068530
12255,559068671
12222,559068812
12249,559068953
12210,559069093
12229,559069235
12205,559069375
12228,559069516
12215,559069656
12206,559069798
12211,559069938
12216,559070079
12203,559070219
12207,559070362
12207,559070502
12193,559070643
12202,559070783
12205,559070925
12222,559071065
12204,559071206
12206,559071348
12191,559071489
12197,559071630
12203,559071770
12202,559071912
12192,559072053
12203,559072193
12200,559072334
12198,559072476
12205,559072617
12192,559072757
12194,559072898
12199,559073039
12194,559073181
12187,559073322
12186,559073463
12181,559073604
12204,559073744
12185,559073885
12196,559074026
12200,559074167
12179,559074307
12195,559074448
12187,559074590
12196,559074730
12200,559074871
12181,559075011
12165,559075153
12186,559075294
12188,559075435
12196,559075576
12180,559075717
12179,559075857
12166,559075998
12184,559076139
12176,559076280
12190,559076421
12186,559076561
12186,559076703
12185,559076844
12189,559076984
12205,559077125
12161,559077266
12189,559077407
12171,559077547
12188,559077688
12229,559077829
12213,559077970
12199,559078110
12194,559078252
12190,559078392
12177,559078533
12193,559078673
12207,559078815
12210,559078955
12197,559079096
12200,559079237
12203,559079378
12187,559079519
12196,559079659
12212,559079800
12220,559079941
12198,559080082
12198,559080222
12206,559080364
12197,559080505
12190,559080646
12209,559080786
12236,559080928
12215,559081068
12189,559081209
12205,559081350
12203,559081492
12199,559081632
12198,559081773
12246,559081913
12210,559082055
12204,559082195
12225,559082336
12191,559082478
12203,559082619
12195,559082759
12254,559082899
12232,559083041
12219,559083182
12229,559083323
12196,559083463
12197,559083605
12202,559083746
12230,559083886
12239,559084027
12220,559084168
12222,559084309
12210,559084450
12205,559084591
12209,559084732
12230,559084872
12247,559085013
12229,559085155
12222,559085296
12206,559085436
12228,559085577
12220,559085718
12235,559085859
12200,559086000
12207,559086140
12224,559086282
12205,559086422
12219,559086563
12212,559086704
12208,559086845
12219,559086985
12200,559087126
12214,559087268
12204,559087408
12196,559087549
12209,559087690
12200,559087831
12203,559087972
12188,559088112
12208,559088253
12202,559088395
12206,559088536
12195,559088676
12199,559088817
12198,559088958
12200,559089099
12181,559089239
12211,559089381
12195,559089521
12192,559089662
12194,559089802
12193,559089944
12191,559090085
12212,559090225
12188,559090366
12193,559090508
12190,559090648
12189,559090789
12176,559090929
12174,559091071
12176,559091212
12163,559091353
12183,559091494
12179,559091635
12188,559091775
12182,559091916
12180,559092057
12178,559092198
12195,559092339
12180,559092480
12196,559092621
12190,559092762
12171,559092902
12182,559093043
12201,559093185
12187,559093326
12181,559093466
12202,559093608
12180,559093748
12184,559093889
12188,559094029
12223,559094171
12201,559094312
12201,559094452
12206,559094593
12198,559094735
12180,559094875
12208,559095016
12228,559095156
12189,559095298
12194,559095438
12208,559095579
12204,559095720
12189,559095861
12191,559096001
12237,559096142
12184,559096284
12172,559096424
12228,559096565
12214,559096706
12211,559096847
12218,559096988
12215,559097128
12220,559097270
12246,559097411
12253,559097552
12243,559097692
12207,559097834
12195,559097975
12223,559098116
12232,559098256
12189,559098398
12214,559098539
12216,559098679
12218,559098820
12200,559098961
12220,559099102
12245,559099243
12223,559099384
12203,559099525
12214,559099666
12212,559099806
12208,559099947
12215,559100088
12232,559100229
12221,559100370
12206,559100511
12204,559100652
12211,559100793
12221,559100933
12197,559101075
12238,559101215
12234,559101356
12225,559101497
12227,559101639
12224,559101779
12200,559101920
12211,559102060
12205,559102202
12209,559102342
12212,559102483
12222,559102624
12216,559102765
12199,559102905
12221,559103046
12209,559103187
12201,559103328
12217,559103469
12201,559103610
12202,559103751
12202,559103892
12186,559104033
12213,559104173
12198,559104315
12219,559104456
12198,559104596
12189,559104737
12226,559104878
12197,559105019
12202,559105159
12194,559105301
12197,559105442
12189,559105582
12206,559105723
12197,559105865
12193,559106005
12197,559106146
12186,559106286
12189,559106428
12203,559106568
12183,559106709
12179,559106850
12191,559106991
12193,559107132
12185,559107272
12194,559107413
12196,559107554
12183,559107695
12185,559107835
12183,559107976
12175,559108117
12196,559108258
12169,559108399
12185,559108540
12181,559108681
12196,559108822
12188,559108962
12177,559109104
12176,559109244
12187,559109385
12177,559109527
12178,559109667
12192,559109808
12186,559109948
12177,559110090
12187,559110231
12232,559110371
12215,559110512
12198,559110653
12193,559110794
12182,559110934
12191,559111075
12188,559111217
12209,559111358
12219,559111498
12217,559111640
12198,559111780
12189,559111921
12193,559112061
12181,559112203
12197,559112344
12233,559112484
12217,559112625
12207,559112767
12207,559112907
12204,559113048
12191,559113188
12208,559113330
12236,559113470
12214,559113611
12187,559113752
12193,559113893
12210,559114033
12211,559114174
12199,559114316
12244,559114457
12217,559114597
12210,559114738
12217,559114879
12206,559115020
12201,559115161
12215,559115302
12235,559115443
12227,559115584
12210,559115724
12216,559115865
12206,559116006
12210,559116147
12215,559116288
12228,559116430
12237,559116570
12210,559116711
12210,559116851
12224,559116993
12204,559117134
12211,559117275
12216,559117415
12238,559117557
12222,559117697
12215,559117838
12226,559117978
12209,559118120
12210,559118261
12205,559118402
12219,559118543
12199,559118684
12207,559118824
12203,559118965
12199,559119107
12214,559119247
12215,559119388
12202,559119529
12206,559119670
12201,559119811
12211,559119951
12212,559120092
12196,559120234
12201,559120375
12198,559120515
12200,559120657
12193,559120797
12199,559120938
12194,559121078
12207,559121220
12191,559121361
12199,559121501
12192,559121642
12217,559121784
12174,559121924
12195,559122065
12214,559122205
12183,559122347
12201,559122488
12212,559122629
12181,559122770
12174,559122911
12195,559123051
12197,559123192
12175,559123334
12187,559123474
12157,559123615
12201,559123755
12185,559123897
12184,559124038
12181,559124178
12186,559124319
12169,559124461
12182,559124601
12184,559124742
12194,559124883
12191,559125024
12189,559125165
12175,559125306
12190,559125447
12187,559125588
12162,559125729
12184,559125869
12192,559126011
12183,559126151
12163,559126292
12206,559126432
12182,559126574
12236,559126714
12212,559126855
12221,559126995
12167,559127137
12198,559127278
12215,559127419
12195,559127560
12236,559127701
12200,559127841
12201,559127982
12200,559128124
12197,559128265
12197,559128405
12194,559128546
12232,559128687
12212,559128828
12198,559128968
12192,559129109
12203,559129251
12197,559129392
12202,559129532
12234,559129674
12202,559129814
12206,559129955
12203,559130095
12214,559130237
12208,559130378
12200,559130518
12215,559130659
12223,559130801
12201,559130941
12200,559131082
12212,559131222
12194,559131364
12194,559131504
12206,559131645
12242,559131787
12235,559131928
12206,559132068
12214,559132209
12222,559132351
12221,559132491
12209,559132632
12249,559132772
12201,559132914
12218,559133055
12209,559133195
12224,559133336
12213,559133478
12228,559133619
12242,559133759
12247,559133900
12223,559134041
12224,559134182
12195,559134323
12222,559134464
12203,559134605
12208,559134746
12195,559134886
12205,559135028
12218,559135168
12211,559135309
12212,559135450
12203,559135592
12214,559135733
12215,559135873
12208,559136014
12207,559136156
12194,559136297
12205,559136437
12210,559136579
12186,559136719
12212,559136860
12218,559137000
12211,559137142
12205,559137283
12190,559137424
12209,559137564
12205,559137706
12189,559137846
12200,559137987
12197,559138128
12190,559138269
12196,559138410
12204,559138550
12182,559138691
12190,559138832
12200,559138972
12188,559139113
12190,559139255
12212,559139396
12187,559139536
12198,559139677
12197,559139818
12191,559139959
12181,559140100
12173,559140240
12171,559140382
12186,559140522
12181,559140663
12180,559140804
12177,559140944
12190,559141085
12186,559141226
12171,559141368
12172,559141508
12182,559141649
12166,559141789
12178,559141931
12178,559142072
12181,559142212
12184,559142353
12199,559142495
12188,559142635
12162,559142776
12207,559142917
12213,559143058
12196,559143199
12191,559143340
12187,559143481
12183,559143622
12188,559143762
12209,559143903
12210,559144044
12197,559144185
12196,559144326
12206,559144467
12191,559144608
12185,559144749
12187,559144889
12230,559145030
12202,559145172
12217,559145313
12194,559145453
12194,559145595
12196,559145735
12197,559145876
12236,559146016
12215,559146158
12221,559146299
12209,559146440
12209,559146580
12202,559146722
12208,559146862
12242,559147003
12218,559147144
12205,559147285
12182,559147425
12203,559147567
12205,559147708
12188,559147849
12241,559147989
12226,559148130
12214,559148271
12214,559148412
12207,559148552
12210,559148693
12211,559148834
12220,559148975
12238,559149116
12217,559149257
12204,559149398
12205,559149539
12212,559149679
12212,559149821
12211,559149961
12232,559150102
12214,559150243
12210,559150384
12224,559150524
12220,559150665
12210,559150806
12198,559150947
12217,559151088
12219,559151228
12212,559151370
12185,559151511
12204,559151652
12206,559151792
12214,559151933
12205,559152074
12206,559152215
12202,559152356
12217,559152497
12207,559152638
12195,559152779
12196,559152919
12198,559153061
12212,559153201
12199,559153342
12221,559153483
12201,559153625
12187,559153765
12201,559153906
12165,559154046
12207,559154188
12199,559154329
12187,559154469
12182,559154611
12202,559154752
12197,559154892
12185,559155033
12158,559155174
12183,559155315
12180,559155456
12188,559155596
12167,559155738
12183,559155879
12194,559156019
12170,559156160
12185,559156301
12186,559156442
12191,559156582
12164,559156724
12184,559156864
12166,559157005
12189,559157145
12181,559157287
12191,559157427
12229,559157568
12180,559157708
12196,559157850
12172,559157991
12171,559158131
12202,559158272
12174,559158414
12178,559158555
12202,559158695
12155,559158836
12175,559158977
12186,559159118
12224,559159259
12195,559159400
12193,559159541
12199,559159681
12197,559159823
12190,559159964
12184,559160105
12220,559160246
12215,559160387
12193,559160528
12195,559160669
12195,559160809
12192,559160950
12180,559161091
12230,559161232
12213,559161373
12202,559161515
12188,559161655
12213,559161796
12217,559161936
12206,559162078
12214,559162219
12236,559162360
12216,559162500
12188,559162642
12212,559162782
12206,559162923
12207,559163064
12208,559163205
12236,559163346
12216,559163487
12214,559163628
12201,559163769
12211,559163909
12198,559164050
12206,559164191
12250,559164332
12226,559164473
12229,559164613
12221,559164755
12209,559164896
12221,559165036
12215,559165177
12259,559165318
12215,559165459
12223,559165599
12214,559165741
12204,559165881
12216,559166022
12216,559166163
12250,559166304
12243,559166445
12227,559166586
12214,559166726
12233,559166868
12204,559167009
12219,559167149
12200,559167290
12214,559167432
12212,559167572
12216,559167713
12213,559167854
12209,559167995
12202,559168135
12206,559168276
12212,559168418
12221,559168559
12214,559168699
12192,559168840
12219,559168981
12209,559169122
12210,559169263
12211,559169404
12184,559169545
12192,559169686
12183,559169826
12203,559169967
12196,559170108
12186,559170249
12189,559170390
12197,559170531
12201,559170672
12204,559170813
12193,559170953
12203,559171095
12189,559171235
12200,559171376
12189,559171517
12193,559171659
12193,559171799
12201,559171940
12184,559172080
12165,559172222
12175,559172363
12189,559172503
12198,559172645
12195,559172786
12184,559172926
12190,559173067
12194,559173208
12173,559173349
12177,559173490
12180,559173630
12183,559173772
12192,559173913
12190,559174053
12179,559174194
12187,559174335
12191,559174476
12171,559174616
12193,559174758
12173,559174898
12197,559175039
12177,559175179
12180,559175321
12209,559175461
12201,559175602
12202,559175742
12191,559175884
12181,559176025
12196,559176165
12183,559176306
12200,559176448
12218,559176588
12205,559176729
12199,559176870
12197,559177011
12188,559177151
12188,559177292
12192,559177434
12254,559177575
12210,559177715
12200,559177856
12201,559177997
12186,559178138
12194,559178279
12203,559178420
12231,559178561
12223,559178702
12191,559178842
12198,559178983
12198,559179124
12192,559179265
12190,559179405
12229,559179547
12228,559179688
12215,559179828
12209,559179969
12202,559180110
12205,559180251
12212,559180392
12223,559180532
12244,559180674
12215,559180815
12212,559180955
12209,559181096
12207,559181237
12203,559181378
12175,559181519
12251,559181660
12215,559181801
12226,559181941
12196,559182082
12194,559182224
12207,559182365
12224,559182505
12244,559182646
12213,559182788
12217,559182928
12226,559183069
12220,559183209
12222,559183351
12241,559183491
12224,559183632
12199,559183773
12210,559183914
12195,559184054
12220,559184195
12212,559184336
12185,559184476
12213,559184617
12227,559184758
12228,559184899
12204,559185040
12170,559185181
12208,559185322
12211,559185463
12197,559185604
12191,559185744
12217,559185886
12187,559186026
12206,559186167
12192,559186308
12222,559186449
12218,559186590
12181,559186731
12192,559186871
12207,559187013
12189,559187154
12195,559187295
12191,559187435
12210,559187577
12200,559187717
12177,559187858
12195,559187999
12196,559188140
12190,559188281
12176,559188422
12168,559188563
12198,559188704
12176,559188844
12185,559188985
12187,559189126
12174,559189268
12191,559189408
12174,559189549
12179,559189690
12167,559189831
12190,559189971
12187,559190112
12189,559190254
12185,559190395
12167,559190535
12183,559190676
12200,559190817
12184,559190958
12164,559191098
12186,559191240
12184,559191381
12181,559191522
12176,559191662
12221,559191804
12202,559191944
12186,559192085
12201,559192225
12192,559192367
12183,559192507
12183,559192648
12227,559192789
12210,559192930
12190,559193070
12184,559193211
12188,559193352
12197,559193493
12183,559193633
12220,559193774
12214,559193916
12207,559194056
12210,559194197
12203,559194338
12198,559194479
12197,559194620
12212,559194760
12251,559194902
12225,559195043
12216,559195183
12208,559195324
12197,559195465
12200,559195606
12215,559195747
12241,559195887
12211,559196029
12218,559196170
12204,559196311
12208,559196451
12211,559196593
12215,559196733
12244,559196874
12218,559197015
12231,559197156
12196,559197297
12217,559197438
12206,559197579
12203,559197720
12237,559197860
12237,559198001
12221,559198142
12226,559198284
12231,559198424
12203,559198565
12214,559198706
12235,559198847
12234,559198987
12219,559199128
12218,559199270
12216,559199411
12220,559199551
12202,559199693
12222,559199833
12207,559199974
12224,559200114
12205,559200257
12202,559200397
12224,559200538
12208,559200678
12208,559200820
12202,559200961
12200,559201101
12217,559201242
12203,559201383
12186,559201524
12210,559201664
12210,559201805
12198,559201946
12202,559202087
12205,559202227
12188,559202368
12192,559202509
12173,559202650
12191,559202790
12195,559202932
12202,559203072
12184,559203213
12182,559203354
12191,559203496
12187,559203636
12186,559203777
12180,559203918
12195,559204059
12183,559204199
12191,559204340
12186,559204482
12168,559204622
12194,559204763
12205,559204903
12188,559205045
12181,559205186
12189,559205327
12190,559205467
12189,559205609
12181,559205750
12181,559205890
12181,559206031
12183,559206172
12192,559206313
12175,559206454
12179,559206595
12181,559206736
12178,559206876
12188,559207017
12202,559207159
12189,559207300
12183,559207440
12184,559207581
12171,559207722
12188,559207863
12216,559208004
12199,559208144
12173,559208286
12188,559208427
12179,559208567
12193,559208709
12185,559208849
12197,559208990
12217,559209130
12201,559209272
12197,559209412
12198,559209553
12185,559209693
12201,559209835
12182,559209976
12248,559210116
12214,559210257
12195,559210399
12197,559210539
12200,559210680
12194,559210821
12192,559210962
12238,559211103
12213,559211243
12219,559211384
12192,559211525
12199,559211665
12201,559211806
12217,559211948
12219,559212088
12239,559212229
12214,559212370
12221,559212511
12192,559212652
12198,559212792
12214,559212934
12222,559213075
12239,559213215
12208,559213356
12228,559213497
12217,559213638
12203,559213779
12200,559213919
12207,559214061
12243,559214202
12201,559214343
12213,559214484
12227,559214626
12207,559214766
12220,559214907
12240,559215048
12214,559215189
12236,559215330
12238,559215470
12191,559215612
12200,559215753
12196,559215893
12224,559216034
12190,559216175
12200,559216316
12209,559216458
12208,559216598
12214,559216740
12203,559216880
12202,559217021
12212,559217162
12199,559217303
12234,559217443
12211,559217584
12197,559217725
12180,559217866
12210,559218007
12208,559218147
12201,559218289
12229,559218430
12192,559218570
12184,559218711
12182,559218853
12203,559218993
12182,559219134
12196,559219275
12198,559219416
12188,559219557
12196,559219697
12188,559219839
12208,559219980
12193,559220120
12197,559220261
12185,559220403
12187,559220543
12190,559220684
12206,559220824
12182,559220966
12186,559221107
12183,559221247
12193,559221388
12188,559221530
12184,559221670
12188,559221811
12187,559221952
12189,559222093
12176,559222234
12168,559222375
12185,559222516
12174,559222657
12180,559222797
12189,559222938
12178,559223080
12181,559223220
12178,559223361
12181,559223502
12191,559223643
12196,559223784
12180,559223924
12185,559224065
12185,559224207
12222,559224348
12195,559224488
12191,559224630
12183,559224770
12190,559224911
12184,559225052
12174,559225193
12224,559225334
12217,559225475
12198,559225615
12204,559225757
12182,559225897
12176,559226038
12199,559226179
12211,559226320
12209,559226460
12210,559226601
12186,559226742
12205,559226883
12199,559227024
12190,559227164
12205,559227307
12242,559227448
12193,559227588
12208,559227729
12193,559227871
12201,559228011
12200,559228152
12210,559228293
12238,559228434
12226,559228575
12207,559228716
12205,559228857
12202,559228998
12203,559229138
12199,559229279
12261,559229421
12226,559229561
12218,559229702
12208,559229842
12197,559229984
12215,559230125
12200,559230266
12242,559230406
12228,559230548
12218,559230689
12217,559230829
12209,559230970
12206,559231111
12208,559231252
12233,559231393
12234,559231534
12218,559231675
12216,559231815
12202,559231956
12213,559232098
12219,559232238
12210,559232379
12206,559232520
12222,559232661
12214,559232802
12215,559232942
12214,559233083
12214,559233225
12214,559233366
12203,559233506
12200,559233648
12200,559233788
12199,559233929
12198,559234070
12191,559234211
12204,559234352
12193,559234493
12196,559234633
12194,559234775
12196,559234916
12201,559235056
12199,559235197
12214,559235338
12198,559235479
12192,559235619
12182,559235761
12198,559235901
12194,559236042
12185,559236182
12177,559236324
12188,559236464
12197,559236605
12191,559236745
12192,559236887
12173,559237028
12193,559237168
12175,559237309
12170,559237451
12183,559237591
12188,559237732
12184,559237873
12203,559238014
12182,559238155
12174,559238296
12187,559238437
12178,559238577
12186,559238718
12175,559238859
12179,559239000
12187,559239141
12183,559239282
12178,559239423
12176,559239564
12181,559239705
12175,559239845
12181,559239987
12179,559240127
12173,559240268
12193,559240409
12202,559240550
12207,559240691
12188,559240832
12197,559240972
12201,559241114
12195,559241255
12193,559241396
12183,559241536
12241,559241678
12189,559241818
12184,559241959
12172,559242100
12195,559242241
12207,559242382
12185,559242523
12248,559242664
12209,559242805
12202,559242945
12215,559243086
12190,559243227
12207,559243369
12207,559243509
12246,559243650
12225,559243791
12210,559243933
12231,559244073
12200,559244214
12177,559244355
12202,559244496
12223,559244636
12231,559244778
12212,559244918
12204,559245059
12200,559245199
12213,559245342
12185,559245482
12174,559245623
12238,559245763
12213,559245905
12208,559246046
12213,559246186
12207,559246327
12220,559246469
12225,559246609
12247,559246750
12210,559246891
12204,559247032
12211,559247172
12205,559247314
12222,559247455
12180,559247596
12248,559247736
12238,559247877
12217,559248019
12222,559248159
12220,559248300
12202,559248441
12225,559248582
12214,559248723
12218,559248863
12212,559249005
12203,559249145
12206,559249287
12200,559249427
12203,559249568
12200,559249709
12201,559249850
12197,559249990
12200,559250132
12206,559250273
12212,559250414
12202,559250554
12186,559250696
12200,559250836
12197,559250977
12205,559251118
12206,559251259
12189,559251399
12199,559251540
12204,559251681
12192,559251822
12204,559251963
12197,559252103
12190,559252245
12190,559252386
12190,559252526
12187,559252667
12202,559252808
12195,559252949
12190,559253090
12185,559253230
12171,559253372
12178,559253512
12184,559253653
12173,559253794
12188,559253935
12206,559254075
12185,559254216
12175,559254357
12187,559254498
12177,559254638
12175,559254779
12175,559254920
12162,559255061
12184,559255202
12180,559255343
12182,559255484
12183,559255625
12190,559255765
12189,559255907
12187,559256048
12180,559256188
12172,559256329
12185,559256470
12193,559256611
12178,559256752
12216,559256892
12213,559257034
12186,559257174
12195,559257316
12180,559257456
12179,559257598
12195,559257738
12206,559257879
12219,559258020
12203,559258161
12206,559258302
12188,559258442
12203,559258584
12190,559258724
12207,559258865
12225,559259006
12213,559259147
12200,559259288
12192,559259429
12190,559259569
12198,559259711
12200,559259852
12234,559259992
12215,559260133
12197,559260274
12206,559260415
12199,559260555
12208,559260697
12201,559260837
12251,559260978
12232,559261118
12201,559261261
12213,559261401
12204,559261542
12217,559261682
12207,559261824
12231,559261964
12213,559262105
12226,559262245
12202,559262387
12208,559262527
12211,559262668
12202,559262809
12239,559262950
12236,559263091
12215,559263231
12224,559263372
12224,559263513
12202,559263654
12203,559263794
12232,559263936
12251,559264076
12231,559264218
12214,559264359
12207,559264500
12216,559264641
12221,559264781
12206,559264923
12229,559265064
12217,559265204
12216,559265345
12199,559265486
12205,559265627
12211,559265768
12203,559265908
12202,559266050
12213,559266191
12209,559266332
12216,559266472
12209,559266614
12206,559266754
12204,559266895
12209,559267036
12208,559267177
12204,559267317
12192,559267458
12192,559267600
12204,559267741
12196,559267881
12203,559268022
12192,559268163
12193,559268304
12197,559268444
12194,559268585
12192,559268726
12171,559268867
12194,559269008
12190,559269148
12187,559269289
12185,559269430
12172,559269571
12195,559269712
12181,559269853
12185,559269993
12185,559270134
12181,559270275
12183,559270416
12190,559270556
12176,559270697
12196,559270839
12186,559270979
12175,559271120
12186,559271261
12183,559271402
12184,559271543
12184,559271683
12177,559271825
12191,559271965
12190,559272106
12185,559272247
12189,559272389
12189,559272529
12193,559272670
12172,559272810
12173,559272952
12214,559273093
12220,559273233
12195,559273374
12177,559273516
12164,559273656
12179,559273798
12211,559273939
12175,559274080
12230,559274220
12202,559274361
12195,559274502
12199,559274642
12187,559274783
12206,559274924
12215,559275065
12239,559275206
12228,559275347
12206,559275488
12186,559275629
12204,559275770
12194,559275910
12206,559276052
12227,559276192
12228,559276333
12201,559276473
12211,559276615
12207,559276755
12190,559276896
12193,559277036
12195,559277178
12236,559277319
12218,559277460
12196,559277600
12200,559277742
12212,559277882
12207,559278023
12200,559278164
12221,559278306
12206,559278446
12211,559278587
12226,559278728
12200,559278869
12202,559279010
12221,559279150
12246,559279291
12230,559279432
12218,559279572
12215,559279713
12207,559279855
12205,559279995
12215,559280136
12241,559280277
12222,559280418
12219,559280559
12226,559280699
12217,559280841
12204,559280981
12213,559281122
12206,559281263
12208,559281405
12227,559281545
12212,559281686
12197,559281826
12198,559281968
12213,559282109
12209,559282249
12218,559282390
12213,559282532
12202,559282672
12210,559282813
12214,559282954
12201,559283095
12207,559283236
12206,559283377
12190,559283518
12199,559283658
12203,559283799
12189,559283940
12198,559284081
12196,559284222
12190,559284363
12215,559284504
12187,559284645
12203,559284786
12192,559284926
12195,559285068
12184,559285208
12195,559285349
12183,559285490
12192,559285631
12199,559285772
12176,559285912
12177,559286053
12180,559286195
12181,559286336
12185,559286477
12181,559286617
12181,559286759
12183,559286899
12184,559287040
12189,559287181
12182,559287321
12170,559287462
12187,559287603
12184,559287744
12188,559287885
12183,559288025
12180,559288166
12169,559288308
12187,559288449
12179,559288589
12189,559288730
12188,559288871
12188,559289012
12169,559289152
12183,559289293
12215,559289435
12216,559289576
12199,559289716
12201,559289858
12190,559289998
12197,559290139
12196,559290280
12203,559290421
12229,559290562
12193,559290703
12204,559290843
12191,559290985
12195,559291125
12186,559291266
12199,559291407
12232,559291549
12204,559291689
12226,559291830
12196,559291971
12192,559292112
12193,559292253
12207,559292393
12234,559292535
12218,559292675
12216,559292816
12199,559292957
12195,559293098
12183,559293239
12203,559293380
12241,559293521
12219,559293662
12233,559293803
12205,559293943
12202,559294085
12204,559294225
12201,559294366
12231,559294507
12236,559294648
12215,559294789
12221,559294930
12200,559295070
12211,559295212
12201,559295353
12229,559295494
12231,559295634
12217,559295776
12211,559295916
12213,559296057
12223,559296198
12215,559296339
12214,559296480
12247,559296620
12235,559296762
12212,559296903
12216,559297043
12210,559297184
12207,559297325
12217,559297466
12208,559297606
12215,559297747
12201,559297888
12221,559298029
12208,559298169
12210,559298311
12219,559298452
12209,559298593
12198,559298733
12211,559298874
12206,559299015
12209,559299156
12205,559299297
12202,559299438
12199,559299579
12192,559299719
12196,559299860
12201,559300002
12199,559300142
12200,559300283
12211,559300424
12194,559300566
12195,559300706
12198,559300847
12183,559300988
12188,559301129
12199,559301270
12195,559301410
12179,559301552
12199,559301692
12192,559301833
12189,559301973
12187,559302115
12197,559302256
12188,559302397
12188,559302537
12194,559302679
12190,559302820
12194,559302960
12201,559303102
12180,559303242
12166,559303382
12192,559303523
12179,559303664
12183,559303805
12226,559303946
12180,559304086
12188,559304228
12170,559304369
12186,559304510
12175,559304650
12173,559304792
12195,559304932
12176,559305073
12193,559305214
12153,559305355
12199,559305496
12200,559305637
12226,559305778
12220,559305919
12201,559306059
12178,559306200
12205,559306341
12172,559306482
12193,559306622
12250,559306763
12214,559306905
12202,559307045
12224,559307186
12222,559307327
12193,559307468
12213,559307609
12228,559307749
12218,559307892
12195,559308032
12199,559308173
12174,559308313
12202,559308455
12193,559308595
12230,559308736
12228,559308876
12208,559309018
12202,559309159
12204,559309299
12208,559309439
12212,559309581
12222,559309722
12227,559309862
12221,559310004
12223,559310144
12188,559310285
12210,559310426
12208,559310567
12204,559310708
12241,559310848
12232,559310989
12209,559311131
12208,559311272
12207,559311412
12218,559311553
12205,559311694
12250,559311836
12233,559311976
12221,559312118
12215,559312259
12210,559312399
12216,559312540
12206,559312681
12231,559312822
12237,559312963
12225,559313103
12203,559313245
12219,559313386
12211,559313527
12192,559313667
12200,559313809
12214,559313949
12235,559314090
12215,559314231
12221,559314372
12214,559314513
12216,559314653
12186,559314795
12201,559314936
12213,559315076
12204,559315217
12204,559315359
12214,559315499
12203,559315640
12203,559315780
12194,559315922
12206,559316063
12205,559316203
12187,559316344
12209,559316486
12188,559316627
12181,559316767
12200,559316909
12176,559317050
12177,559317191
12208,559317332
12199,559317474
12193,559317615
12201,559317755
12183,559317896
12205,559318038
12196,559318179
12187,559318320
12177,559318460
12199,559318602
12184,559318742
12178,559318883
12189,559319024
12190,559319165
12178,559319306
12187,559319446
12178,559319588
12184,559319728
12175,559319869
12183,559320010
12194,559320151
12175,559320293
12177,559320433
12178,559320573
12174,559320715
12189,559320856
12183,559320996
12180,559321138
12182,559321278
12187,559321418
12161,559321559
12182,559321700
12185,559321841
12208,559321982
12192,559322123
12201,559322265
12205,559322405
12194,559322546
12185,559322686
12186,559322828
12212,559322968
12208,559323109
12203,559323250
12205,559323391
12193,559323532
12185,559323673
12191,559323814
12201,559323955
12226,559324096
12211,559324236
12193,559324377
12206,559324518
12201,559324658
12186,559324799
12212,559324941
12238,559325081
12208,559325222
12220,559325363
12206,559325504
12206,559325645
12198,559325785
12196,559325927
12225,559326068
12212,559326208
12209,559326348
12214,559326490
12204,559326630
12213,559326771
12214,559326912
12225,559327053
12242,559327194
12211,559327335
12209,559327476
12210,559327617
12209,559327758
12213,559327899
12225,559328040
12228,559328181
12220,559328322
12210,559328463
12197,559328604
12205,559328745
12215,559328885
12214,559329026
12253,559329168
12230,559329309
12226,559329449
12208,559329590
12215,559329731
12210,559329872
12202,559330012
12212,559330154
12208,559330295
12205,559330435
12210,559330576
12212,559330717
12217,559330858
12209,559330999
12214,559331139
12205,559331281
12206,559331422
12205,559331563
12204,559331703
12195,559331845
12197,559331985
12210,559332126
12208,559332267
12196,559332408
12209,559332549
12203,559332689
12188,559332832
12195,559332972
12193,559333113
12177,559333254
12190,559333396
12191,559333536
12191,559333677
12200,559333817
12193,559333959
12179,559334099
12166,559334240
12185,559334381
12187,559334523
12179,559334663
12187,559334804
12161,559334945
12200,559335086
12190,559335226
12171,559335367
12180,559335509
12192,559335650
12180,559335790
12198,559335931
12223,559336072
12186,559336213
12185,559336354
12195,559336494
12189,559336636
12179,559336777
12185,559336917
12190,559337059
12182,559337199
12189,559337340
12197,559337481
12176,559337622
12189,559337763
12165,559337903
12179,559338044
12211,559338186
12241,559338326
12217,559338467
12197,559338607
12188,559338749
12177,559338889
12200,559339030
12188,559339171
12231,559339312
12208,559339452
12189,559339593
12191,559339734
12195,559339875
12189,559340015
12198,559340156
12230,559340297
12225,559340438
12222,559340578
12197,559340719
12194,559340861
12204,559341001
12197,559341142
12218,559341282
12230,559341423
12205,559341564
12211,559341705
12203,559341846
12208,559341987
12201,559342127
12206,559342268
12228,559342410
12214,559342550
12207,559342691
12190,559342832
12190,559342973
12207,559343114
12208,559343255
12251,559343395
12220,559343537
12218,559343678
12210,559343818
12206,559343960
12202,559344100
12205,559344241
12248,559344382