15318,1905933934
15313,1905934075
15312,1905934217
15328,1905934359
15325,1905934500
15308,1905934641
15316,1905934782
15315,1905934923
15325,1905935064
15312,1905935205
15317,1905935347
15316,1905935488
15305,1905935629
15327,1905935771
15310,1905935913
15321,1905936054
15312,1905936195
15312,1905936337
15327,1905936478
15315,1905936619
15318,1905936760
15323,1905936901
15304,1905937042
15315,1905937183
15308,1905937325
15318,1905937466
15323,1905937606
15310,1905937747
15299,1905937889
15313,1905938030
15317,1905938170
15355,1905938312
15325,1905938453
15307,1905938594
15318,1905938734
15318,1905938876
15322,1905939017
15315,1905939158
15354,1905939300
15334,1905939441
15306,1905939582
15327,1905939722
15305,1905939864
15315,1905940005
15324,1905940146
15345,1905940288
15339,1905940429
15318,1905940570
15323,1905940710
15312,1905940852
15330,1905940993
15334,1905941134
15346,1905941274
15348,1905941416
15326,1905941557
15318,1905941697
15324,1905941839
15317,1905941980
15329,1905942120
15326,1905942261
15361,1905942403
15319,1905942543
15311,1905942684
15314,1905942826
15319,1905942967
15318,1905943107
15321,1905943248
15350,1905943390
15342,1905943530
15324,1905943671
15321,1905943813
15313,1905943954
15317,1905944094
15311,1905944235
15348,1905944377
15336,1905944518
15316,1905944658
15315,1905944800
15331,1905944941
15329,1905945082
15306,1905945222
15343,1905945364
15337,1905945505
15325,1905945646
15319,1905945787
15301,1905945928
15324,1905946069
15328,1905946209
15304,1905946351
15323,1905946492
15316,1905946633
15321,1905946773
15317,1905946915
15317,1905947056
15313,1905947197
15324,1905947339
15320,1905947480
15321,1905947620
15314,1905947761
15318,1905947903
15312,1905948044
15328,1905948185
15321,1905948327
15319,1905948467
15319,1905948608
15323,1905948749
15320,1905948891
15305,1905949032
15314,1905949173
15315,1905949315
15322,1905949455
15321,1905949596
15312,1905949737
15311,1905949879
15319,1905950020
15302,1905950161
15321,1905950302
15323,1905950443
15311,1905950584
15314,1905950725
15307,1905950866
15320,1905951007
15320,1905951148
15320,1905951289
15321,1905951431
15321,1905951572
15314,1905951713
15319,1905951855
15328,1905951996
15306,1905952136
15303,1905952277
15319,1905952419
15326,1905952559
15325,1905952700
15325,1905952842
15314,1905952983
15312,1905953124
15316,1905953265
15323,1905953406
15313,1905953547
15324,1905953688
15303,1905953830
15320,1905953971
15325,1905954111
15306,1905954252
15320,1905954394
15351,1905954534
15334,1905954675
15322,1905954816
15326,1905954957
15318,1905955098
15319,1905955239
15320,1905955380
15331,1905955521
15371,1905955662
15318,1905955803
15319,1905955944
15312,1905956086
15303,1905956227
15315,1905956368
15327,1905956509
15343,1905956650
15327,1905956790
15319,1905956932
15331,1905957074
15300,1905957214
15325,1905957356
15325,1905957497
15354,1905957638
15332,1905957778
15321,1905957920
15314,1905958062
15315,1905958202
15309,1905958344
15323,1905958485
15353,1905958626
15311,1905958766
15319,1905958908
15322,1905959049
15317,1905959190
15299,1905959331
15321,1905959473
15348,1905959613
15321,1905959754
15327,1905959896
15331,1905960037
15302,1905960178
15328,1905960318
15325,1905960460
15328,1905960601
15334,1905960742
15308,1905960883
15324,1905961024
15319,1905961165
15323,1905961306
15322,1905961448
15318,1905961589
15362,1905961730
15330,1905961871
15331,1905962012
15322,1905962154
15325,1905962294
15321,1905962436
15368,1905962578
15302,1905962718
15315,1905962860
15316,1905963001
15295,1905963142
15323,1905963283
15328,1905963425
15313,1905963566
15322,1905963706
15311,1905963847
15329,1905963989
15308,1905964130
15322,1905964271
15328,1905964413
15323,1905964553
15307,1905964694
15319,1905964835
15310,1905964977
15319,1905965117
15327,1905965258
15329,1905965400
15321,1905965540
15317,1905965681
15326,1905965822
15308,1905965963
15314,1905966104
15319,1905966245
15316,1905966386
15314,1905966527
15319,1905966668
15312,1905966810
15313,1905966951
15305,1905967092
15309,1905967233
15321,1905967374
15319,1905967515
15311,1905967656
15320,1905967797
15308,1905967939
15311,1905968079
15309,1905968220
15318,1905968361
15320,1905968502
15317,1905968643
15313,1905968784
15318,1905968925
15313,1905969066
15318,1905969207
15318,1905969347
15324,1905969489
15311,1905969630
15316,1905969771
15305,1905969912
15304,1905970053
15306,1905970194
15316,1905970335
15312,1905970477
15325,1905970618
15327,1905970758
15359,1905970900
15335,1905971041
15322,1905971182
15324,1905971323
15323,1905971465
15310,1905971606
15318,1905971746
15367,1905971888
15329,1905972029
15314,1905972170
15320,1905972311
15310,1905972453
15298,1905972594
15327,1905972734
15360,1905972875
15330,1905973017
15328,1905973157
15301,1905973298
15320,1905973440
15322,1905973580
15307,1905973721
15332,1905973862
15350,1905974004
15324,1905974144
15320,1905974285
15334,1905974427
15320,1905974567
15314,1905974708
15329,1905974849
15347,1905974991
15329,1905975131
15329,1905975272
15322,1905975414
15319,1905975555
15321,1905975695
15316,1905975836
15362,1905975978
15339,1905976119
15306,1905976259
15309,1905976401
15325,1905976542
15312,1905976683
15321,1905976823
15350,1905976965
15332,1905977106
15319,1905977246
15318,1905977387
15323,1905977529
15328,1905977669
15316,1905977810
15351,1905977952
15329,1905978092
15330,1905978233
15314,1905978374
15316,1905978516
15312,1905978656
15328,1905978797
15321,1905978939
15339,1905979079
15308,1905979220
15309,1905979361
15314,1905979502
15309,1905979643
15315,1905979784
15320,1905979926
15324,1905980066
15331,1905980207
15303,1905980348
15326,1905980490
15323,1905980630
15308,1905980771
15316,1905980913
15328,1905981055
15320,1905981197
15313,1905981337
15321,1905981479
15326,1905981620
15317,1905981761
15316,1905981902
15317,1905982043
15326,1905982184
15315,1905982325
15306,1905982467
15312,1905982608
15319,1905982748
15315,1905982889
15319,1905983031
15320,1905983172
15320,1905983313
15310,1905983455
15307,1905983595
15307,1905983736
15314,1905983877
15327,1905984019
15305,1905984160
15322,1905984301
15312,1905984442
15303,1905984583
15330,1905984724
15313,1905984865
15311,1905985007
15320,1905985148
15328,1905985289
15326,1905985430
15313,1905985571
15309,1905985712
15312,1905985853
15316,1905985995
15311,1905986136
15316,1905986277
15312,1905986418
15313,1905986559
15316,1905986700
15327,1905986841
15316,1905986982
15357,1905987123
15324,1905987264
15317,1905987404
15325,1905987546
15315,1905987687
15320,1905987827
15308,1905987969
15334,1905988110
15340,1905988250
15334,1905988391
15311,1905988533
15307,1905988674
15303,1905988814
15348,1905988956
15340,1905989097
15352,1905989238
15322,1905989378
15321,1905989520
15299,1905989661
15314,1905989802
15330,1905989943
15329,1905990084
15349,1905990225
15329,1905990365
15313,1905990507
15323,1905990648
15313,1905990789
15316,1905990930
15328,1905991071
15362,1905991212
15328,1905991352
15322,1905991494
15316,1905991635
15312,1905991775
15320,1905991916
15331,1905992058
15375,1905992199
15335,1905992340
15331,1905992482
15321,1905992622
15312,1905992763
15311,1905992904
15320,1905993046
15357,1905993187
15327,1905993328
15346,1905993470
15330,1905993610
15319,1905993751
15334,1905993892
15319,1905994034
15334,1905994174
15343,1905994315
15323,1905994457
15317,1905994598
15319,1905994738
15316,1905994879
15314,1905995021
15329,1905995162
15307,1905995303
15327,1905995444
15309,1905995585
15321,1905995726
15316,1905995867
15311,1905996009
15325,1905996150
15321,1905996291
15327,1905996431
15313,1905996573
15317,1905996714
15299,1905996854
15322,1905996996
15322,1905997138
15320,1905997278
15308,1905997419
15313,1905997561
15318,1905997701
15310,1905997842
15315,1905997984
15326,1905998125
15323,1905998265
15319,1905998406
15318,1905998548
15303,1905998689
15319,1905998829
15319,1905998971
15318,1905999112
15316,1905999253
15321,1905999393
15314,1905999535
15307,1905999676
15318,1905999816
15313,1905999958
15309,1906000099
15316,1906000240
15307,1906000380
15304,1906000522
15321,1906000663
15320,1906000803
15317,1906000944
15323,1906001086
15315,1906001227
15322,1906001367
15319,1906001509
15314,1906001650
15314,1906001791
15313,1906001932
15316,1906002074
15320,1906002214
15305,1906002355
15307,1906002497
15320,1906002638
15318,1906002778
15318,1906002919
15317,1906003062
15316,1906003202
15334,1906003343
15356,1906003485
15343,1906003626
15326,1906003766
15324,1906003907
15318,1906004049
15312,1906004190
15325,1906004331
15359,1906004472
15327,1906004613
15316,1906004754
15325,1906004895
15328,1906005037
15310,1906005178
15330,1906005319
15358,1906005459
15317,1906005601
15338,1906005742
15321,1906005882
15321,1906006024
15322,1906006166
15317,1906006306
15348,1906006447
15327,1906006589
15325,1906006730
15320,1906006870
15330,1906007012
15306,1906007153
15317,1906007293
15340,1906007434
15335,1906007576
15321,1906007717
15310,1906007857
15310,1906007999
15313,1906008140
15316,1906008281
15354,1906008421
15349,1906008563
15316,1906008704
15312,1906008845
15317,1906008986
15316,1906009127
15308,1906009268
15327,1906009408
15342,1906009550
15317,1906009691
15317,1906009832
15312,1906009972
15321,1906010114
15319,1906010255
15310,1906010395
15350,1906010537
15318,1906010678
15316,1906010819
15328,1906010959
15301,1906011101
15326,1906011242
15327,1906011383
15315,1906011524
15322,1906011665
15316,1906011806
15316,1906011947
15295,1906012088
15314,1906012229
15324,1906012370
15316,1906012511
15312,1906012652
15322,1906012793
15321,1906012934
15310,1906013076
15325,1906013216
15317,1906013357
15314,1906013498
15327,1906013640
15312,1906013780
15319,1906013921
15317,1906014062
15316,1906014203
15332,1906014344
15317,1906014484
15309,1906014626
15320,1906014767
15323,1906014908
15319,1906015050
15325,1906015191
15311,1906015331
15321,1906015472
15305,1906015614
15311,1906015755
15316,1906015895
15319,1906016037
15312,1906016178
15321,1906016319
15322,1906016459
15334,1906016601
15328,1906016742
15315,1906016883
15315,1906017024
15321,1906017165
15325,1906017306
15326,1906017447
15342,1906017588
15301,1906017729
15325,1906017870
15323,1906018011
15318,1906018152
15317,1906018293
15310,1906018434
15317,1906018575
15316,1906018716
15323,1906018857
15314,1906018997
15305,1906019139
15320,1906019280
15317,1906019421
15316,1906019562
15340,1906019703
15304,1906019844
15316,1906019984
15315,1906020126
15348,1906020267
15302,1906020408
15293,1906020549
15355,1906020690
15323,1906020831
15318,1906020972
15318,1906021113
15281,1906021254
15318,1906021395
15319,1906021536
15353,1906021677
15336,1906021818
15312,1906021959
15318,1906022101
15318,1906022242
15339,1906022382
15314,1906022523
15334,1906022665
15352,1906022805
15328,1906022946
15329,1906023087
15302,1906023228
15315,1906023369
15312,1906023510
15325,1906023651
15332,1906023792
15322,1906023933
15313,1906024074
15323,1906024215
15310,1906024356
15308,1906024497
15316,1906024638
15344,1906024779
15325,1906024920
15317,1906025062
15312,1906025203
15319,1906025344
15319,1906025484
15304,1906025626
15358,1906025768
15341,1906025908
15322,1906026050
15319,1906026192
15314,1906026332
15310,1906026473
15309,1906026615
15331,1906026756
15346,1906026896
15327,1906027038
15325,1906027179
15312,1906027319
15310,1906027460
15316,1906027602
15313,1906027743
15311,1906027883
15324,1906028024
15320,1906028166
15329,1906028306
15323,1906028447
15312,1906028589
15320,1906028730
15313,1906028870
15328,1906029011
15313,1906029153
15303,1906029294
15317,1906029435
15309,1906029577
15322,1906029717
15311,1906029858
15309,1906029999
15315,1906030141
15307,1906030282
15311,1906030422
15310,1906030564
15319,1906030705
15319,1906030846
15322,1906030986
15316,1906031128
15321,1906031269
15312,1906031410
15319,1906031551
15319,1906031692
15312,1906031833
15325,1906031973
15333,1906032115
15326,1906032256
15311,1906032396
15323,1906032537
15316,1906032679
15308,1906032819
15326,1906032960
15309,1906033102
15316,1906033242
15303,1906033383
15315,1906033524
15318,1906033666
15316,1906033806
15302,1906033947
15326,1906034089
15308,1906034230
15322,1906034371
15316,1906034512
15340,1906034654
15312,1906034794
15319,1906034935
15305,1906035077
15305,1906035219
15317,1906035359
15315,1906035500
15305,1906035642
15320,1906035782
15347,1906035923
15340,1906036065
15337,1906036206
15312,1906036347
15314,1906036488
15320,1906036629
15319,1906036770
15338,1906036911
15348,1906037052
15326,1906037193
15318,1906037334
15322,1906037475
15315,1906037616
15321,1906037757
15328,1906037898
15342,1906038039
15342,1906038180
15323,1906038321
15320,1906038462
15330,1906038603
15315,1906038744
15320,1906038885
15348,1906039026
15321,1906039168
15328,1906039308
15308,1906039449
15319,1906039591
15321,1906039732
15316,1906039872
15345,1906040013
15329,1906040155
15302,1906040296
15311,1906040436
15318,1906040577
15308,1906040719
15323,1906040860
15330,1906041000
15338,1906041142
15309,1906041282
15315,1906041424
15324,1906041564
15319,1906041706
15318,1906041847
15322,1906041988
15350,1906042129
15325,1906042270
15315,1906042411
15323,1906042551
15315,1906042693
15322,1906042834
15330,1906042975
15356,1906043116
15319,1906043257
15322,1906043398
15307,1906043539
15315,1906043680
15309,1906043821
15315,1906043962
15314,1906044104
15319,1906044245
15314,1906044386
15323,1906044526
15310,1906044668
15315,1906044809
15312,1906044950
15311,1906045091
15309,1906045233
15317,1906045374
15308,1906045514
15309,1906045656
15325,1906045797
15323,1906045937
15325,1906046078
15315,1906046220
15319,1906046361
15312,1906046501
15322,1906046643
15304,1906046784
15307,1906046924
15311,1906047066
15313,1906047208
15321,1906047349
15322,1906047489
15321,1906047631
15310,1906047772
15314,1906047913
15308,1906048053
15326,1906048196
15311,1906048337
15314,1906048477
15313,1906048619
15324,1906048760
15338,1906048901
15360,1906049041
15314,1906049183
15319,1906049324
15313,1906049465
15317,1906049606
15328,1906049747
15327,1906049888
15296,1906050028
15326,1906050170
15341,1906050311
15317,1906050452
15323,1906050593
15320,1906050734
15348,1906050875
15318,1906051016
15308,1906051157
15301,1906051298
15312,1906051439
15326,1906051580
15324,1906051721
15298,1906051862
15313,1906052003
15312,1906052145
15323,1906052286
15317,1906052427
15313,1906052568
15308,1906052709
15314,1906052850
15314,1906052991
15309,1906053133
15366,1906053274
15328,1906053415
15319,1906053556
15311,1906053697
15314,1906053838
15303,1906053979
15303,1906054121
15329,1906054262
15336,1906054403
15327,1906054543
15309,1906054685
15316,1906054826
15313,1906054966
15308,1906055107
15354,1906055249
15331,1906055390
15326,1906055530
15327,1906055672
15320,1906055813
15321,1906055953
15325,1906056094
15328,1906056236
15364,1906056377
15322,1906056517
15326,1906056659
15326,1906056800
15305,1906056941
15307,1906057082
15315,1906057224
15351,1906057365
15319,1906057505
15313,1906057648
15317,1906057788
15318,1906057929
15326,1906058071
15318,1906058213
15355,1906058353
15319,1906058494
15316,1906058635
15310,1906058776
15307,1906058917
15310,1906059058
15308,1906059200
15368,1906059341
15328,1906059481
15304,1906059622
15321,1906059764
15323,1906059905
15314,1906060046
15318,1906060187
15315,1906060328
15311,1906060468
15323,1906060609
15310,1906060751
15312,1906060892
15312,1906061033
15302,1906061175
15313,1906061316
15316,1906061456
15314,1906061597
15322,1906061739
15322,1906061880
15315,1906062020
15312,1906062163
15315,1906062304
15321,1906062444
15324,1906062585
15320,1906062727
15303,1906062868
15316,1906063008
15310,1906063149
15305,1906063291
15324,1906063431
15299,1906063572
15324,1906063714
15311,1906063855
15308,1906063995
15314,1906064137
15306,1906064278
15314,1906064419
15304,1906064560
15318,1906064701
15317,1906064842
15318,1906064983
15319,1906065124
15323,1906065265
15301,1906065407
15321,1906065548
15309,1906065689
15322,1906065830
15315,1906065971
15326,1906066112
15309,1906066254
15318,1906066395
15319,1906066536
15313,1906066677
15303,1906066818
15312,1906066959
15312,1906067100
15324,1906067241
15315,1906067382
15301,1906067523
15315,1906067664
15316,1906067805
15309,1906067946
15312,1906068087
15306,1906068228
15305,1906068369
15346,1906068510
15317,1906068650
15309,1906068792
15318,1906068933
15318,1906069073
15330,1906069215
15302,1906069356
15312,1906069496
15349,1906069637
15314,1906069779
15317,1906069920
15312,1906070060
15333,1906070202
15323,1906070343
15336,1906070484
15337,1906070625
15335,1906070767
15315,1906070908
15316,1906071049
15317,1906071191
15301,1906071332
15325,1906071472
15338,1906071613
15323,1906071755
15319,1906071896
15299,1906072036
15315,1906072178
15312,1906072319
15308,1906072460
15357,1906072601
15328,1906072743
15320,1906072883
15326,1906073024
15309,1906073165
15330,1906073307
15325,1906073447
15346,1906073588
15336,1906073730
15332,1906073870
15317,1906074011
15325,1906074152
15309,1906074294
15317,1906074435
15331,1906074576
15324,1906074717
15322,1906074858
15327,1906074999
15317,1906075140
15321,1906075282
15305,1906075423
15331,1906075564
15340,1906075705
15323,1906075846
15306,1906075987
15313,1906076128
15310,1906076270
15335,1906076410
15322,1906076551
15331,1906076692
15318,1906076833
15320,1906076974
15300,1906077115
15298,1906077256
15331,1906077397
15312,1906077538
15313,1906077679
15301,1906077821
15321,1906077962
15321,1906078102
15312,1906078244
15316,1906078385
15314,1906078525
15314,1906078666
15302,1906078808
15317,1906078949
15283,1906079090
15310,1906079232
15313,1906079373
15311,1906079513
15328,1906079654
15323,1906079796
15319,1906079937
15311,1906080077
15329,1906080219
15283,1906080360
15316,1906080500
15323,1906080641
15310,1906080783
15309,1906080924
15317,1906081065
15317,1906081206
15295,1906081347
15314,1906081488
15308,1906081629
15308,1906081771
15297,1906081911
15323,1906082052
15312,1906082193
15305,1906082335
15308,1906082476
15325,1906082617
15315,1906082758
15307,1906082899
15293,1906083040
15311,1906083181
15350,1906083323
15313,1906083464
15310,1906083605
15325,1906083746
15311,1906083887
15309,1906084028
15308,1906084169
15312,1906084311
15312,1906084452
15328,1906084593
15323,1906084734
15338,1906084875
15323,1906085016
15317,1906085157
15315,1906085299
15320,1906085440
15318,1906085581
15331,1906085722
15334,1906085863
15324,1906086004
15323,1906086144
15309,1906086286
15317,1906086427
15308,1906086567
15313,1906086708
15353,1906086850
15319,1906086991
15320,1906087131
15317,1906087273
15315,1906087414
15296,1906087554
15323,1906087695
15347,1906087837
15332,1906087978
15312,1906088118
15307,1906088260
15320,1906088401
15320,1906088542
15307,1906088682
15332,1906088824
15332,1906088965
15303,1906089106
15314,1906089248
15315,1906089389
15310,1906089530
15305,1906089670
15323,1906089812
15331,1906089953
15311,1906090093
15312,1906090234
15307,1906090376
15316,1906090517
15323,1906090657
15333,1906090799
15348,1906090940
15320,1906091080
15306,1906091221
15316,1906091363
15319,1906091504
15310,1906091644
15311,1906091786
15337,1906091927
15329,1906092067
15313,1906092208
15318,1906092350
15321,1906092491
15316,1906092631
15320,1906092773
15317,1906092914
15301,1906093055
15318,1906093196
15317,1906093338
15317,1906093479
15321,1906093619
15333,1906093761
15313,1906093902
15307,1906094043
15321,1906094184
15329,1906094326
15307,1906094467
15313,1906094607
15311,1906094748
15312,1906094890
15331,1906095031
15302,1906095172
15301,1906095314
15314,1906095454
15315,1906095595
15322,1906095736
15318,1906095877
15317,1906096018
15331,1906096159
15317,1906096300
15317,1906096441
15316,1906096582
15312,1906096723
15315,1906096864
15312,1906097005
15307,1906097147
15310,1906097288
15301,1906097429
15303,1906097570
15311,1906097711
15321,1906097852
15321,1906097993
15319,1906098134
15308,1906098275
15315,1906098416
15297,1906098557
15320,1906098698
15312,1906098840
15309,1906098980
15321,1906099121
15321,1906099262
15314,1906099403
15310,1906099544
15306,1906099685
15304,1906099827
15315,1906099967
15309,1906100108
15319,1906100249
15304,1906100391
15307,1906100531
15311,1906100672
15303,1906100814
15315,1906100954
15353,1906101096
15321,1906101236
15317,1906101378
15297,1906101519
15329,1906101660
15308,1906101801
15314,1906101942
15353,1906102084
15337,1906102224
15336,1906102366
15315,1906102507
15311,1906102648
15316,1906102789
15312,1906102930
15330,1906103072
15349,1906103212
15316,1906103354
15312,1906103495
15317,1906103636
15326,1906103777
15304,1906103918
15331,1906104059
15344,1906104200
15334,1906104341
15317,1906104482
15303,1906104623
15320,1906104763
15307,1906104905
15333,1906105046
15349,1906105187
15325,1906105329
15310,1906105469
15317,1906105610
15308,1906105751
15315,1906105893
15316,1906106034
15348,1906106175
15329,1906106316
15321,1906106457
15312,1906106599
15316,1906106739
15294,1906106881
15315,1906107022
15345,1906107163
15327,1906107304
15331,1906107445
15316,1906107586
15313,1906107727
15324,1906107868
15308,1906108009
15337,1906108151
15340,1906108292
15321,1906108433
15347,1906108574
15297,1906108715
15340,1906108856
15324,1906108997
15326,1906109138
15328,1906109279
15342,1906109421
15304,1906109562
15296,1906109702
15321,1906109844
15306,1906109985
15306,1906110125
15324,1906110266
15286,1906110408
15297,1906110549
15305,1906110690
15320,1906110831
15314,1906110972
15310,1906111113
15324,1906111253
15317,1906111395
15281,1906111536
15314,1906111677
15318,1906111818
15297,1906111959
15317,1906112100
15328,1906112241
15304,1906112383
15324,1906112523
15318,1906112664
15291,1906112805
15309,1906112946
15326,1906113087
15317,1906113228
15317,1906113369
15308,1906113510
15308,1906113651
15309,1906113791
15309,1906113933
15324,1906114075
15329,1906114215
15322,1906114357
15324,1906114498
15299,1906114638
15311,1906114779
15321,1906114921
15313,1906115062
15320,1906115202
15308,1906115344
15310,1906115485
15302,1906115625
15313,1906115766
15314,1906115908
15326,1906116049
15303,1906116190
15297,1906116332
15310,1906116473
15314,1906116613
15313,1906116754
15317,1906116896
15314,1906117037
15312,1906117178
15346,1906117319
15332,1906117460
15312,1906117601
15300,1906117742
15322,1906117884
15318,1906118025
15309,1906118166
15332,1906118306
15341,1906118448
15306,1906118589
15314,1906118730
15307,1906118871
15311,1906119012
15317,1906119154
15321,1906119294
15341,1906119436
15326,1906119577
15311,1906119718
15323,1906119859
15313,1906120000
15313,1906120141
15314,1906120282
15347,1906120424
15314,1906120564
15316,1906120705
15315,1906120847
15333,1906120987
15327,1906121128
15308,1906121269
15356,1906121411
15323,1906121552
15301,1906121692
15317,1906121833
15310,1906121975
15305,1906122116
15312,1906122257
15328,1906122398
15343,1906122539
15318,1906122680
15308,1906122820
15322,1906122962
15308,1906123104
15318,1906123244
15319,1906123386
15345,1906123527
15315,1906123668
15304,1906123808
15314,1906123950
15313,1906124091
15324,1906124232
15316,1906124373
15352,1906124514
15316,1906124655
15315,1906124795
15316,1906124937
15322,1906125079
15328,1906125219
15314,1906125361
15301,1906125502
15327,1906125643
15312,1906125783
15313,1906125925
15308,1906126066
15318,1906126206
15315,1906126347
15318,1906126489
15317,1906126630
15317,1906126770
15313,1906126912
15305,1906127053
15320,1906127194
15320,1906127335
15303,1906127477
15316,1906127617
15307,1906127758
15311,1906127900
15310,1906128041
15313,1906128182
15320,1906128323
15309,1906128465
15308,1906128605
15312,1906128746
15317,1906128888
15312,1906129029
15320,1906129170
15307,1906129311
15314,1906129453
15313,1906129593
15312,1906129734
15309,1906129876
15308,1906130017
15316,1906130158
15311,1906130299
15311,1906130441
15299,1906130581
15323,1906130722
15315,1906130864
15305,1906131005
15317,1906131147
15310,1906131287
15312,1906131429
15319,1906131570
15310,1906131710
15315,1906131851
15317,1906131993
15301,1906132133
15314,1906132274
15306,1906132416
15308,1906132557
15309,1906132697
15310,1906132838
15307,1906132980
15317,1906133120
15315,1906133261
15322,1906133403
15303,1906133544
15343,1906133684
15324,1906133825
15323,1906133967
15307,1906134108
15310,1906134249
15315,1906134391
15307,1906134532
15367,1906134672
15322,1906134813
15318,1906134955
15317,1906135095
15309,1906135236
15323,1906135377
15314,1906135518
15351,1906135659
15329,1906135800
15314,1906135942
15316,1906136083
15310,1906136224
15319,1906136364
15322,1906136506
15342,1906136647
15352,1906136788
15329,1906136929
15318,1906137070
15321,1906137211
15308,1906137351
15308,1906137493
15338,1906137634
15353,1906137775
15329,1906137916
15322,1906138058
15302,1906138199
15318,1906138339
15297,1906138481
15311,1906138622
15337,1906138763
15339,1906138904
15299,1906139045
15300,1906139187
15313,1906139327
15325,1906139469
15307,1906139610
15364,1906139751
15315,1906139892
15341,1906140033
15297,1906140175
15298,1906140315
15293,1906140457
15325,1906140598
15366,1906140738
15324,1906140879
15318,1906141021
15315,1906141162
15308,1906141303
15325,1906141444
15340,1906141585
15334,1906141726
15295,1906141867
15310,1906142009
15318,1906142149
15296,1906142290
15307,1906142431
15318,1906142572
15307,1906142713
15328,1906142854
15336,1906142996
15327,1906143137
15321,1906143278
15295,1906143419
15322,1906143560
15297,1906143701
15306,1906143842
15311,1906143984
15318,1906144125
15313,1906144266
15296,1906144407
15304,1906144548
15316,1906144689
15307,1906144830
15323,1906144971
15322,1906145113
15311,1906145253
15307,1906145394
15297,1906145536
15306,1906145677
15311,1906145818
15311,1906145959
15329,1906146100
15307,1906146241
15314,1906146381
15318,1906146523
15318,1906146664
15311,1906146805
15323,1906146946
15321,1906147087
15306,1906147228
15309,1906147369
15313,1906147510
15305,1906147651
15307,1906147792
15312,1906147933
15305,1906148074
15315,1906148215
15301,1906148356
15315,1906148498
15315,1906148638
15309,1906148779
15311,1906148920
15312,1906149061
15324,1906149202
15325,1906149343
15291,1906149484
15309,1906149625
15313,1906149766
15333,1906149906
15332,1906150048
15319,1906150190
15304,1906150330
15313,1906150472
15300,1906150613
15309,1906150754
15346,1906150894
15339,1906151036
15306,1906151177
15310,1906151318
15320,1906151460
15319,1906151601
15314,1906151741
15322,1906151882
15334,1906152024
15305,1906152165
15305,1906152306
15310,1906152448
15325,1906152589
15309,1906152729
15319,1906152870
15359,1906153012
15316,1906153153
15312,1906153293
15311,1906153434
15323,1906153576
15312,1906153717
15326,1906153857
15361,1906153999
15330,1906154140
15331,1906154281
15307,1906154422
15312,1906154564
15308,1906154704
15316,1906154845
15347,1906154987
15343,1906155127
15309,1906155268
15305,1906155409
15308,1906155551
15304,1906155691
15316,1906155832
15328,1906155974
15340,1906156114
15316,1906156255
15301,1906156396
15323,1906156538
15315,1906156679
15305,1906156819
15331,1906156961
15352,1906157102
15309,1906157242
15313,1906157383
15310,1906157525
15316,1906157666
15306,1906157806
15317,1906157947
15314,1906158089
15319,1906158230
15312,1906158371
15310,1906158512
15318,1906158653
15304,1906158794
15324,1906158935
15314,1906159076
15319,1906159217
15310,1906159358
15302,1906159499
15312,1906159641
15309,1906159782
15313,1906159922
15307,1906160064
15302,1906160205
15306,1906160345
15326,1906160487
15317,1906160628
15305,1906160769
15325,1906160909
15320,1906161051
15296,1906161193
15312,1906161333
15307,1906161475
15314,1906161616
15307,1906161757
15305,1906161897
15312,1906162039
15310,1906162181
15311,1906162321
15323,1906162462
15314,1906162604
15322,1906162744
15305,1906162885
15316,1906163027
15315,1906163168
15313,1906163309
15308,1906163450
15305,1906163592
15323,1906163732
15309,1906163873
15326,1906164015
15308,1906164156
15313,1906164297
15316,1906164437
15299,1906164579
15328,1906164720
15307,1906164861
15314,1906165003
15320,1906165144
15316,1906165285
15311,1906165426
15305,1906165567
15307,1906165708
15316,1906165849
15312,1906165990
15331,1906166131
15344,1906166272
15312,1906166413
15303,1906166555
15325,1906166695
15308,1906166836
15312,1906166977
15331,1906167118
15347,1906167259
15329,1906167400
15320,1906167541
15325,1906167682
15318,1906167823
15319,1906167963
15312,1906168105
15347,1906168247
15311,1906168387
15327,1906168529
15306,1906168670
15307,1906168810
15313,1906168951
15328,1906169093
15358,1906169234
15367,1906169374
15331,1906169516
15321,1906169657
15327,1906169798
15337,1906169938
15328,1906170080
15342,1906170221
15359,1906170361
15313,1906170503
15321,1906170644
15306,1906170785
15320,1906170926
15349,1906171068
15306,1906171209
15339,1906171349
15346,1906171490
15342,1906171632
15308,1906171772
15323,1906171913
15321,1906172056
15304,1906172196
15339,1906172337
15291,1906172478
15335,1906172620
15315,1906172760
15334,1906172901
15313,1906173043
15307,1906173184
15331,1906173325
15335,1906173465
15320,1906173607
15308,1906173748
15331,1906173889
15314,1906174031
15314,1906174171
15307,1906174312
15309,1906174453
15303,1906174595
15314,1906174735
15318,1906174876
15322,1906175018
15304,1906175158
15315,1906175299
15311,1906175440
15313,1906175582
15318,1906175722
15322,1906175863
15323,1906176004
15311,1906176146
15313,1906176287
15316,1906176428
15322,1906176569
15313,1906176710
15323,1906176851
15326,1906176991
15308,1906177133
15301,1906177274
15308,1906177414
15335,1906177556
15312,1906177697
15310,1906177838
15302,1906177978
15308,1906178120
15325,1906178261
15312,1906178401
15302,1906178543
15310,1906178684
15323,1906178825
15295,1906178966
15309,1906179108
15313,1906179249
15304,1906179389
15318,1906179531
15325,1906179672
15324,1906179813
15306,1906179953
15316,1906180095
15318,1906180236
15314,1906180376
15309,1906180517
15319,1906180659
15306,1906180800
15310,1906180940
15313,1906181082
15311,1906181223
15312,1906181363
15316,1906181504
15303,1906181646
15314,1906181787
15320,1906181927
15335,1906182069
15312,1906182210
15305,1906182350
15366,1906182491
15316,1906182633
15327,1906182774
15310,1906182914
15324,1906183057
15316,1906183197
15316,1906183338
15344,1906183479
15339,1906183621
15308,1906183762
15335,1906183902
15308,1906184044
15316,1906184185
15310,1906184326
15338,1906184467
15341,1906184609
15321,1906184750
15328,1906184890
15318,1906185031
15315,1906185172
15320,1906185313
15337,1906185454
15351,1906185595
15324,1906185736
15319,1906185877
15307,1906186018
15329,1906186159
15315,1906186300
15322,1906186441
15351,1906186582
15322,1906186723
15313,1906186864
15311,1906187005
15313,1906187146
15326,1906187287
15312,1906187428
15364,1906187569
15345,1906187710
15320,1906187851
15308,1906187992
15313,1906188133
15303,1906188274
15316,1906188415
15350,1906188556
15326,1906188697
15308,1906188838
15320,1906188979
15315,1906189120
15315,1906189261
15307,1906189402
15338,1906189543
15344,1906189684
15326,1906189825
15304,1906189966
15320,1906190108
15313,1906190249
15322,1906190390
15308,1906190530
15321,1906190672
15307,1906190813
15318,1906190954
15319,1906191095
15305,1906191236
15300,1906191377
15311,1906191517
15300,1906191659
15321,1906191800
15315,1906191941
15311,1906192083
15325,1906192224
15318,1906192365
15312,1906192505
15310,1906192647
15313,1906192788
15326,1906192929
15307,1906193071
15312,1906193212
15314,1906193353
15313,1906193493
15325,1906193635
15305,1906193776
15315,1906193917
15302,1906194058
15315,1906194200
15317,1906194341
15309,1906194481
15329,1906194623
15307,1906194764
15319,1906194904
15312,1906195045
15311,1906195187
15317,1906195327
15311,1906195468
15319,1906195610
15310,1906195750
15303,1906195891
15319,1906196032
15322,1906196174
15318,1906196314
15317,1906196455
15312,1906196597
15325,1906196738
15313,1906196878
15318,1906197019
15321,1906197161
15318,1906197301
15325,1906197442
15321,1906197584
15309,1906197725
15312,1906197865
15312,1906198006
15297,1906198148
15306,1906198289
15315,1906198429
15313,1906198570
15327,1906198712
15335,1906198853
15329,1906198993
15355,1906199135
15310,1906199276
15339,1906199417
15323,1906199558
15321,1906199700
15332,1906199840
15331,1906199981
15315,1906200123
15314,1906200263
15318,1906200405
15299,1906200546
15314,1906200687
15342,1906200828
15329,1906200969
15325,1906201111
15318,1906201252
15295,1906201393
15311,1906201533
15325,1906201675
15338,1906201816
15324,1906201957
15303,1906202099
15313,1906202240
15325,1906202381
15313,1906202521
15329,1906202663
15400,1906202804
15326,1906202945
15339,1906203086
15311,1906203228
15300,1906203369
15320,1906203509
15333,1906203651
15337,1906203792
15339,1906203932
15328,1906204073
15314,1906204215
15300,1906204355
15312,1906204496
15305,1906204638
15320,1906204778
15346,1906204919
15328,1906205060
15324,1906205201
15309,1906205342
15304,1906205483
15317,1906205625
15327,1906205766
15355,1906205906
15330,1906206047
15317,1906206189
15316,1906206329
15315,1906206470
15316,1906206612
15313,1906206753
15316,1906206893
15308,1906207034
15312,1906207176
15319,1906207317
15318,1906207457
15315,1906207598
15298,1906207740
15303,1906207880
15312,1906208021
15313,1906208163
15312,1906208303
15322,1906208444
15309,1906208585
15319,1906208727
15308,1906208867
15312,1906209008
15317,1906209150
15309,1906209291
15313,1906209432
15312,1906209572
15305,1906209714
15322,1906209855
15315,1906209996
15318,1906210137
15318,1906210278
15311,1906210419
15303,1906210560
15309,1906210701
15317,1906210842
15315,1906210983
15314,1906211125
15312,1906211266
15294,1906211407
15314,1906211548
15320,1906211689
15323,1906211830
15325,1906211971
15312,1906212112
15310,1906212253
15313,1906212394
15322,1906212534
15316,1906212676
15314,1906212817
15308,1906212957
15309,1906213098
15320,1906213240
15316,1906213381
15320,1906213521
15319,1906213663
15301,1906213804
15317,1906213944
15330,1906214085
15313,1906214227
15318,1906214367
15312,1906214508
15317,1906214650
15316,1906214791
15324,1906214931
15348,1906215073
15317,1906215215
15317,1906215355
15306,1906215496
15319,1906215638
15326,1906215779
15318,1906215919
15355,1906216060
15340,1906216202
15302,1906216343
15314,1906216483
15309,1906216624
15313,1906216766
15317,1906216906
15333,1906217047
15327,1906217189
15322,1906217330
15312,1906217471
15309,1906217611
15308,1906217753
15310,1906217894
15347,1906218035
15367,1906218176
15337,1906218317
15314,1906218458
15319,1906218599
15316,1906218740
15315,1906218881
15319,1906219022
15331,1906219164
15314,1906219305
15312,1906219446
15308,1906219587
15321,1906219728
15315,1906219869
15315,1906220010
15352,1906220152
15321,1906220293
15319,1906220434
15311,1906220575
15301,1906220716
15317,1906220857
15312,1906220998
15352,1906221140
15319,1906221281
15315,1906221422
15327,1906221562
15320,1906221704
15313,1906221845
15315,1906221985
15343,1906222127
15334,1906222269
15325,1906222409
15320,1906222550
15314,1906222692
15326,1906222832
15314,1906222973
15311,1906223114
15313,1906223256
15316,1906223397
15316,1906223538
15327,1906223679
15321,1906223820
15308,1906223961
15306,1906224102
15304,1906224243
15315,1906224384
15313,1906224525
15317,1906224666
15315,1906224807
15304,1906224948
15318,1906225089
15305,1906225230
15308,1906225371
15311,1906225512
15316,1906225653
15309,1906225794
15314,1906225935
15313,1906226077
15297,1906226218
15318,1906226359
15311,1906226500
15321,1906226640
15330,1906226782
15319,1906226923
15321,1906227064
15316,1906227205
15308,1906227346
15303,1906227487
15316,1906227627
15312,1906227769
15308,1906227910
15317,1906228051
15315,1906228193
15310,1906228334
15308,1906228475
15295,1906228615
15308,1906228757
15306,1906228899
15335,1906229040
15307,1906229182
15340,1906229323
15316,1906229463
15344,1906229604
15325,1906229746
15319,1906229887
15311,1906230028
15359,1906230169
15308,1906230310
15305,1906230451
15319,1906230592
15307,1906230734
15293,1906230874
15303,1906231015
15257,1906231156
15355,1906231298
15342,1906231439
15280,1906231580
15323,1906231721
15305,1906231862
15310,1906232003
15313,1906232143
15335,1906232285
15354,1906232426
15316,1906232567
15318,1906232708
15324,1906232849
15338,1906232990
15306,1906233130
15333,1906233272
15351,1906233413
15319,1906233554
15297,1906233695
15302,1906233836
15315,1906233977
15316,1906234118
15328,1906234260
15347,1906234401
15323,1906234542
15319,1906234683
15316,1906234824
15308,1906234965
15307,1906235105
15309,1906235247
15352,1906235388
15314,1906235529
15315,1906235669
15308,1906235811
15312,1906235952
15313,1906236093
15333,1906236235
15349,1906236376
15322,1906236516
15329,1906236657
15304,1906236799
15313,1906236940
15317,1906237080
15296,1906237222
15343,1906237363
15338,1906237504
15307,1906237644
15318,1906237786
15305,1906237928
15309,1906238068
15314,1906238210
15321,1906238351
15341,1906238492
15326,1906238632
15321,1906238774
15321,1906238915
15335,1906239056
15317,1906239197
15315,1906239338
15318,1906239479
15313,1906239619
15302,1906239761
15319,1906239902
15309,1906240042
15321,1906240184
15304,1906240326
15310,1906240466
15318,1906240607
15313,1906240749
15319,1906240889
15321,1906241030
15319,1906241171
15299,1906241313
15316,1906241454
15308,1906241595
15323,1906241736
15321,1906241877
15319,1906242018
15321,1906242159
15316,1906242301
15322,1906242442
15313,1906242583
15318,1906242724
15299,1906242865
15319,1906243006
15321,1906243147
15313,1906243289
15296,1906243430
15306,1906243571
15322,1906243712
15308,1906243853
15321,1906243994
15315,1906244135
15309,1906244277
15314,1906244418
15311,1906244558
15313,1906244699
15316,1906244841
15320,1906244982
15312,1906245123
15301,1906245265
15310,1906245405
15311,1906245546
15301,1906245687
15304,1906245829
15322,1906245969
15312,1906246110
15319,1906246252
15318,1906246392
15312,1906246533
15320,1906246674
15319,1906246816
15306,1906246957
15317,1906247097
15318,1906247239
15314,1906247380
15326,1906247520
15353,1906247661
15324,1906247803
15331,1906247944
15313,1906248084
15318,1906248225
15312,1906248367
15311,1906248507
15357,1906248648
15334,1906248790
15322,1906248930
15312,1906249071
15309,1906249212
15309,1906249354
15313,1906249494
15364,1906249636
15316,1906249777
15312,1906249918
15315,1906250059
15308,1906250200
15319,1906250342
15314,1906250483
15342,1906250624
15328,1906250765
15338,1906250906
15337,1906251047
15304,1906251188
15317,1906251330
15316,1906251471
15351,1906251611
15320,1906251753
15322,1906251894
15319,1906252035
15322,1906252176
15317,1906252318
15316,1906252459
15326,1906252599
15357,1906252740
15334,1906252882
15310,1906253023
15302,1906253164
15318,1906253306
15314,1906253446
15329,1906253587
15349,1906253728
15333,1906253870
15340,1906254010
15323,1906254152
15314,1906254293
15320,1906254434
15304,1906254575
15337,1906254715
15317,1906254857
15311,1906254998
15309,1906255139
15319,1906255281
15316,1906255422
15313,1906255563
15319,1906255704
15313,1906255845
15314,1906255986
15320,1906256127
15318,1906256268
15327,1906256409
15310,1906256550
15321,1906256691
15318,1906256833
15313,1906256973
15330,1906257114
15315,1906257255
15316,1906257396
15321,1906257537
15322,1906257678
15301,1906257819
15323,1906257960
15319,1906258101
15309,1906258241
15297,1906258383
15308,1906258524
15324,1906258665
15311,1906258806
15278,1906258947
15308,1906259088
15318,1906259229
15305,1906259371
15299,1906259512
15326,1906259652
15315,1906259794
15315,1906259935
15317,1906260076
15310,1906260217
15306,1906260359
15355,1906260500
15303,1906260640
15318,1906260782
15326,1906260923
15303,1906261063
15298,1906261204
15324,1906261346
15320,1906261487
15289,1906261627
15301,1906261768
15292,1906261910
15334,1906262051
15316,1906262192
15310,1906262334
15338,1906262474
15337,1906262615
15285,1906262756
15287,1906262898
15328,1906263039
15325,1906263180
15296,1906263322
15300,1906263462
15322,1906263603
15298,1906263744
15356,1906263886
15321,1906264026
15329,1906264168
15320,1906264309
15306,1906264450
15313,1906264591
15312,1906264732
15358,1906264874
15327,1906265015
15313,1906265156
15310,1906265298
15305,1906265438
15304,1906265579
15320,1906265720
15328,1906265862
15334,1906266003
15313,1906266144
15328,1906266285
15321,1906266426
15313,1906266567
15310,1906266708
15323,1906266849
15344,1906266990
15317,1906267131
15312,1906267271
15314,1906267413
15313,1906267554
15321,1906267695
15315,1906267836
15352,1906267977
15320,1906268118
15321,1906268258
15309,1906268400
15305,1906268541
15310,1906268682
15321,1906268823
15345,1906268964
15343,1906269105
15309,1906269246
15309,1906269387
15318,1906269528
15310,1906269669
15311,1906269811
15349,1906269951
15332,1906270093
15321,1906270234
15310,1906270375
15314,1906270516
15322,1906270657
15309,1906270798
15336,1906270939
15339,1906271080
15323,1906271221
15314,1906271362
15310,1906271503
15312,1906271644
15305,1906271785
15325,1906271927
15308,1906272068
15318,1906272208
15330,1906272350
15323,1906272491
15322,1906272631
15318,1906272772
15314,1906272914
15308,1906273055
15314,1906273196
15312,1906273338
15314,1906273479
15309,1906273619
15316,1906273760
15316,1906273902
15309,1906274043
15308,1906274184
15319,1906274326
15304,1906274467
15308,1906274607
15327,1906274748
15310,1906274890
15302,1906275031
15306,1906275172
15309,1906275313
15309,1906275455
15315,1906275595
15308,1906275736
15305,1906275878
15309,1906276018
15312,1906276160
15320,1906276301
15319,1906276443
15326,1906276584
15318,1906276724
15320,1906276866
15318,1906277007
15300,1906277147
15325,1906277288
15300,1906277430
15306,1906277571
15319,1906277711
15317,1906277853
15314,1906277994
15307,1906278135
15317,1906278275
15310,1906278417
15308,1906278558
15326,1906278699
15315,1906278840
15305,1906278981
15317,1906279122
15316,1906279262
15310,1906279404
15299,1906279545
15322,1906279686
15317,1906279827
15314,1906279968
15343,1906280110
15343,1906280250
15314,1906280392
15320,1906280533
15317,1906280673
15311,1906280814
15314,1906280956
15338,1906281097
15332,1906281237
15308,1906281379
15315,1906281520
15333,1906281660
15314,1906281801
15314,1906281943
15319,1906282084
15349,1906282224
15321,1906282366
15307,1906282507
15327,1906282648
15309,1906282788
15318,1906282930
15309,1906283072
15354,1906283212
15334,1906283354
15320,1906283495
15305,1906283636
15318,1906283776
15321,1906283918
15312,1906284060
15349,1906284200
15321,1906284341
15307,1906284483
15306,1906284623
15325,1906284764
15312,1906284906
15314,1906285047
15343,1906285188
15342,1906285328
15324,1906285470
15328,1906285611
15318,1906285752
15325,1906285893
15310,1906286034
15320,1906286175
15359,1906286316
15316,1906286458
15328,1906286599
15314,1906286739
15318,1906286881
15309,1906287022
15318,1906287163
15352,1906287304
15328,1906287446
15314,1906287587
15312,1906287727
15319,1906287869
15316,1906288010
15317,1906288151
15329,1906288292
15313,1906288434
15302,1906288575
15323,1906288716
15298,1906288857
15315,1906288998
15296,1906289140
15349,1906289281
15312,1906289422
15309,1906289563
15323,1906289704
15309,1906289844
15334,1906289986
15303,1906290127
15312,1906290268
15296,1906290409
15297,1906290550
15328,1906290691
15291,1906290831
15304,1906290973
15326,1906291114
15305,1906291255
15319,1906291396
15320,1906291537
15304,1906291678
15309,1906291819
15312,1906291961
15315,1906292101
15320,1906292242
15322,1906292384
15310,1906292524
15309,1906292665
15316,1906292806
15311,1906292948
15318,1906293089
15315,1906293230
15326,1906293371
15317,1906293512
15309,1906293653
15322,1906293794
15324,1906293936
15308,1906294076
15313,1906294217
15331,1906294357
15320,1906294499
15310,1906294640
15327,1906294781
15306,1906294922
15315,1906295063
15319,1906295204
15319,1906295345
15318,1906295486
15316,1906295627
15314,1906295768
15314,1906295909
15321,1906296051
15327,1906296192
15323,1906296332
15355,1906296474
15340,1906296615
15313,1906296756
15318,1906296897
15312,1906297039
15316,1906297180
15320,1906297320
15347,1906297462
15326,1906297603
15323,1906297744
15313,1906297885
15310,1906298026
15315,1906298168
15306,1906298308
15353,1906298450
15325,1906298591
15318,1906298731
15309,1906298872
15310,1906299014
15319,1906299154
15312,1906299295
15347,1906299437
15347,1906299578
15311,1906299718
15320,1906299859
15330,1906300001
15311,1906300142
15310,1906300283
15338,1906300425
15325,1906300565
15332,1906300706
15308,1906300847
15307,1906300989
15330,1906301129
15319,1906301270
15327,1906301412
15355,1906301553
15327,1906301693
15300,1906301834
15319,1906301976
15305,1906302117
15325,1906302257
15317,1906302398
15346,1906302540
15326,1906302681
15313,1906302821
15320,1906302963
15321,1906303104
15319,1906303245
15313,1906303386
15349,1906303527
15326,1906303668
15320,1906303810
15322,1906303951
15307,1906304092
15320,1906304233
15301,1906304373
15324,1906304515
15310,1906304656
15312,1906304797
15315,1906304938
15310,1906305079
15315,1906305220
15296,1906305361
15314,1906305502
15297,1906305643
15297,1906305784
15313,1906305926
15307,1906306066
15316,1906306207
15312,1906306348
15304,1906306490
15318,1906306630
15312,1906306771
15317,1906306912
15318,1906307053
15315,1906307194
15318,1906307335
15308,1906307477
15308,1906307617
15316,1906307758
15316,1906307899
15318,1906308041
15332,1906308182
15305,1906308323
15311,1906308464
15317,1906308605
15311,1906308746
15306,1906308886
15317,1906309029
15306,1906309170
15313,1906309311
15298,1906309452
15315,1906309593
15317,1906309734
15318,1906309875
15325,1906310017
15301,1906310158
15307,1906310299
15315,1906310440
15315,1906310581
15306,1906310722
15312,1906310863
15318,1906311005
15306,1906311146
15320,1906311287
15306,1906311428
15318,1906311569
15313,1906311710
15315,1906311850
15316,1906311992
15308,1906312133
15320,1906312273
15311,1906312414
15315,1906312556
15347,1906312697
15325,1906312837
15320,1906312979
15293,1906313120
15314,1906313260
15323,1906313401
15314,1906313543
15353,1906313683
15332,1906313824
15321,1906313966
15315,1906314107
15313,1906314247
15312,1906314389
15331,1906314531
15327,1906314671
15338,1906314812
15319,1906314954
15331,1906315095
15316,1906315235
15313,1906315376
15313,1906315518
15323,1906315659
15348,1906315799
15330,1906315940
15327,1906316082
15319,1906316222
15318,1906316363
15312,1906316505
15328,1906316645
15355,1906316786
15327,1906316927
15314,1906317069
15321,1906317209
15299,1906317350
15333,1906317492
15307,1906317632
15327,1906317773
15325,1906317914
15335,1906318056
15315,1906318196
15307,1906318337
15330,1906318479
15308,1906318620
15330,1906318760
15349,1906318901
15311,1906319043
15320,1906319184
15318,1906319325
15321,1906319467
15298,1906319608
15305,1906319748
15375,1906319889
15335,1906320031
15305,1906320172
15295,1906320312
15311,1906320453
15309,1906320595
15334,1906320735
15320,1906320876
15299,1906321018
15308,1906321159
15320,1906321300
15317,1906321440
15335,1906321582
15307,1906321723
15328,1906321864
15317,1906322005
15312,1906322147
15329,1906322287
15311,1906322428
15315,1906322570
15322,1906322711
15315,1906322851
15357,1906322993
15312,1906323134
15318,1906323274
15308,1906323415
15319,1906323557
15322,1906323698
15326,1906323838
15298,1906323980
15320,1906324121
15307,1906324262
15302,1906324402
15318,1906324544
15319,1906324685
15317,1906324826
15306,1906324967
15303,1906325108
15331,1906325249
15309,1906325389
15311,1906325531
15313,1906325672
15322,1906325812
15319,1906325953
15319,1906326095
15311,1906326236
15302,1906326376
15313,1906326518
15309,1906326659
15323,1906326800
15321,1906326940
15305,1906327082
15326,1906327223
15306,1906327364
15303,1906327505
15329,1906327646
15317,1906327788
15305,1906327928
15318,1906328070
15311,1906328211
15310,1906328352
15324,1906328493
15303,1906328634
15318,1906328775
15325,1906328916
15338,1906329057
15324,1906329198
15314,1906329339
15323,1906329480
15319,1906329621
15328,1906329762
15317,1906329902
15336,1906330044
15320,1906330186
15321,1906330326
15320,1906330467
15305,1906330609
15309,1906330749
15312,1906330890
15354,1906331032
15335,1906331173
15307,1906331314
15312,1906331455
15325,1906331596
15329,1906331737
15305,1906331878
15343,1906332020
15341,1906332161
15321,1906332302
15306,1906332442
15330,1906332584
15309,1906332725
15314,1906332866
15336,1906333008
15336,1906333148
15324,1906333289
15325,1906333430
15313,1906333571
15318,1906333712
15309,1906333853
15334,1906333994
15344,1906334135
15320,1906334276
15318,1906334417
15317,1906334558
15311,1906334699
15302,1906334840
15314,1906334980
15349,1906335122
15330,1906335263
15323,1906335404
15311,1906335545
15307,1906335686
15314,1906335827
15307,1906335968
15361,1906336110
15323,1906336251
15315,1906336392
15322,1906336533
15320,1906336674
15309,1906336815
15331,1906336956
15316,1906337097
15316,1906337238
15312,1906337379
15304,1906337521
15314,1906337661
15333,1906337802
15309,1906337943
15327,1906338085
15315,1906338225
15311,1906338366
15314,1906338507
15317,1906338648
15318,1906338789
15312,1906338930
15327,1906339071
15333,1906339212
15321,1906339353
15316,1906339493
15304,1906339635
15314,1906339776
15327,1906339917
15321,1906340058
15319,1906340199
15309,1906340340
15309,1906340480
15327,1906340622
15301,1906340763
15314,1906340903
15320,1906341045
15316,1906341187
15319,1906341327
15313,1906341468
15312,1906341610
15316,1906341751
15326,1906341891
15313,1906342033
15309,1906342174
15318,1906342315
15326,1906342455
15325,1906342597
15325,1906342738
15314,1906342878
15315,1906343020
15296,1906343161
15311,1906343302
15298,1906343442
15322,1906343584
15325,1906343725
15317,1906343865
15313,1906344006
15325,1906344148
15313,1906344289
15311,1906344429
15305,1906344571
15317,1906344712
15319,1906344852
15315,1906344993
15314,1906345135
15355,1906345276
15334,1906345416
15326,1906345558
15319,1906345699
15313,1906345840
15317,1906345980
15316,1906346122
15346,1906346263
15335,1906346403
15329,1906346545
15318,1906346686
15308,1906346827
15332,1906346967
15314,1906347109
15340,1906347250
15335,1906347391
15318,1906347532
15302,1906347673
15302,1906347814
15300,1906347955
15328,1906348096
15318,1906348237
15340,1906348377
15326,1906348518
15319,1906348660
15321,1906348801
15303,1906348941
15323,1906349083
15322,1906349224
15353,1906349364
15316,1906349505
15325,1906349647
15306,1906349788
15304,1906349928
15313,1906350070
15306,1906350211
15347,1906350352
15328,1906350492
15315,1906350634
15322,1906350775
15307,1906350916
15313,1906351057
15329,1906351198
15369,1906351339
15330,1906351479
15332,1906351621
15310,1906351762
15330,1906351903
15324,1906352044
15330,1906352186
15314,1906352327
15355,1906352467
15339,1906352609
15305,1906352750
15322,1906352890
15315,1906353031
15325,1906353173
15301,1906353314
15312,1906353454
15325,1906353596
15316,1906353737
15316,1906353877
15334,1906354018
15349,1906354161
15319,1906354301
15318,1906354442
15315,1906354584
15317,1906354725
15310,1906354865
15311,1906355006
15323,1906355148
15304,1906355289
15315,1906355429
15318,1906355571
15315,1906355712
15320,1906355853
15318,1906355993
15322,1906356135
15319,1906356276
15309,1906356416
15322,1906356557
15316,1906356699
15317,1906356839
15311,1906356980
15324,1906357122
15320,1906357262
15334,1906357403
15316,1906357544
15333,1906357686
15326,1906357826
15317,1906357967
15310,1906358108
15324,1906358249
15324,1906358390
15319,1906358531
15326,1906358672
15316,1906358813
15319,1906358954
15322,1906359096
15310,1906359237
15317,1906359378
15315,1906359518
15315,1906359660
15316,1906359801
15318,1906359942
15307,1906360084
15319,1906360225
15309,1906360366
15323,1906360506
15319,1906360648
15314,1906360789
15310,1906360930
15316,1906361071
15325,1906361213
15311,1906361354
15336,1906361494
15343,1906361636
15319,1906361777
15328,1906361917
15313,1906362058
15310,1906362200
15318,1906362341
15323,1906362481
15345,1906362623
15320,1906362764
15314,1906362904
15328,1906363045
15316,1906363188
15328,1906363328
15321,1906363469
15350,1906363611
15326,1906363752
15313,1906363892
15318,1906364033
15311,1906364175
15320,1906364316
15323,1906364456
15347,1906364598
15324,1906364739
15322,1906364880
15315,1906365021
15315,1906365163
15315,1906365304
15310,1906365444
15356,1906365585
15339,1906365727
15325,1906365867
15323,1906366008
15315,1906366150
15319,1906366290
15317,1906366431
15326,1906366572
15347,1906366714
15335,1906366854
15325,1906366995
15332,1906367137
15308,1906367278
15316,1906367419
15333,1906367559
15346,1906367701
15333,1906367842
15312,1906367983
15308,1906368125
15318,1906368266
15315,1906368406
15323,1906368547
15369,1906368689
15323,1906368830
15327,1906368970
15314,1906369112
15307,1906369253
15308,1906369394
15310,1906369534
15323,1906369676
15308,1906369817
15310,1906369958
15315,1906370099
15319,1906370240
15323,1906370381
15307,1906370521
15319,1906370663
15308,1906370804
15316,1906370945
15314,1906371085
15327,1906371227
15327,1906371368
15321,1906371508
15303,1906371650
15325,1906371791
15329,1906371932
15318,1906372072
15300,1906372214
15320,1906372355
15300,1906372495
15323,1906372637
15303,1906372778
15317,1906372919
15325,1906373059
15309,1906373201
15321,1906373342
15319,1906373483
15318,1906373624
15324,1906373765
15318,1906373906
15318,1906374047
15318,1906374189
15316,1906374330
15310,1906374471
15325,1906374612
15301,1906374753
15304,1906374894
15309,1906375035
15309,1906375177
15304,1906375318
15314,1906375458
15313,1906375599
15303,1906375741
15307,1906375881
15325,1906376022
15323,1906376164
15313,1906376304
15320,1906376445
15311,1906376586
15316,1906376728
15302,1906376868
15314,1906377009
15318,1906377151
15321,1906377292
15316,1906377433
15322,1906377574
15318,1906377716
15348,1906377856
15323,1906377997
15300,1906378139
15342,1906378280
15320,1906378421
15318,1906378562
15328,1906378704
15353,1906378844
15311,1906378985
15309,1906379127
15306,1906379268
15311,1906379409
15283,1906379550
15295,1906379691
15331,1906379832
15340,1906379973
15324,1906380114
15342,1906380256
15312,1906380397
15319,1906380537
15354,1906380679
15374,1906380820
15342,1906380960
15301,1906381102
15310,1906381244
15286,1906381385
15321,1906381525
15319,1906381667
15318,1906381808
15360,1906381948
15324,1906382090
15329,1906382232
15333,1906382372
15319,1906382513
15322,1906382655
15332,1906382796
15359,1906382937
15306,1906383078
15300,1906383220
15300,1906383361
15307,1906383501
15325,1906383642
15311,1906383784
15358,1906383924
15328,1906384065
15326,1906384207
15302,1906384347
15317,1906384488
15318,1906384629
15316,1906384770
15355,1906384911
15348,1906385052
15320,1906385194
15309,1906385335
15304,1906385476
15315,1906385616
15317,1906385758
15314,1906385899
15305,1906386040
15326,1906386182
15327,1906386323
15320,1906386463
15320,1906386604
15315,1906386746
15319,1906386887
15321,1906387028
15322,1906387170
15318,1906387311
15312,1906387451
15321,1906387593
15328,1906387735
15310,1906387875
15317,1906388016
15321,1906388158
15330,1906388299
15309,1906388440
15310,1906388581
15323,1906388722
15326,1906388863
15320,1906389004
15331,1906389145
15315,1906389287
15319,1906389429
15315,1906389569
15313,1906389711
15323,1906389852
15311,1906389992
15320,1906390133
15336,1906390275
15316,1906390416
15316,1906390556
15320,1906390698
15316,1906390839
15312,1906390980
15320,1906391121
15314,1906391263
15321,1906391404
15308,1906391544
15313,1906391686
15303,1906391827
15329,1906391968
15318,1906392108
15314,1906392250
15307,1906392391
15322,1906392532
15311,1906392673
15306,1906392814
15309,1906392955
15323,1906393096
15317,1906393238
15313,1906393378
15325,1906393519
15314,1906393660
15304,1906393802
15306,1906393942
15347,1906394083
15334,1906394224
15316,1906394365
15307,1906394506
15314,1906394647
15329,1906394788
15319,1906394929
15341,1906395070
15344,1906395211
15337,1906395352
15317,1906395493
15317,1906395634
15315,1906395775
15320,1906395916
15330,1906396057
15358,1906396198
15321,1906396339
15319,1906396480
15317,1906396621
15305,1906396763
15311,1906396903
15316,1906397044
15359,1906397186
15327,1906397327
15309,1906397468
15330,1906397609
15322,1906397750
15318,1906397891
15320,1906398032
15358,1906398173
15336,1906398315
15323,1906398456
15323,1906398597
15315,1906398738
15320,1906398879
15318,1906399020
15348,1906399161
15335,1906399303
15320,1906399444
15313,1906399584
15309,1906399726
15323,1906399867
15312,1906400008
15330,1906400149
15355,1906400291
15315,1906400432
15313,1906400573
15316,1906400715
15318,1906400856
15317,1906400997
15320,1906401138
15342,1906401280
15329,1906401421
15308,1906401561
15323,1906401702
15331,1906401844
15317,1906401984
15313,1906402125
15314,1906402267
15315,1906402407
15330,1906402548
15322,1906402689
15322,1906402830
15314,1906402971
15319,1906403112
15330,1906403253
15323,1906403394
15317,1906403535
15329,1906403675
15325,1906403817
15308,1906403958
15310,1906404099
15312,1906404241
15324,1906404382
15314,1906404523
15320,1906404663
15324,1906404805
15322,1906404946
15323,1906405087
15315,1906405229
15324,1906405370
15306,1906405511
15326,1906405651
15331,1906405793
15311,1906405934
15318,1906406075
15316,1906406216
15320,1906406358
15315,1906406499
15326,1906406639
15319,1906406781
15318,1906406922
15313,1906407062
15290,1906407203
15314,1906407345
15317,1906407485
15298,1906407626
15322,1906407768
15317,1906407908
15316,1906408050
15304,1906408191
15318,1906408332
15309,1906408473
15321,1906408614
15309,1906408755
15322,1906408896
15330,1906409037
15305,1906409179
15350,1906409321
15338,1906409461
15324,1906409602
15315,1906409744
15326,1906409884
15318,1906410025
15328,1906410167
15347,1906410308
15355,1906410449
15316,1906410590
15329,1906410731
15312,1906410872
15298,1906411013
15325,1906411154
15328,1906411296
15357,1906411437
15334,1906411577
15361,1906411718
15328,1906411860
15336,1906412001
15333,1906412142
15321,1906412284
15359,1906412424
15343,1906412565
15286,1906412706
15310,1906412847
15334,1906412988
15356,1906413129
15326,1906413270
15342,1906413411
15320,1906413553
15306,1906413694
15319,1906413835
15310,1906413976
15325,1906414117
15330,1906414259
15339,1906414400
15362,1906414540
15313,1906414681
15331,1906414823
15317,1906414963
15323,1906415104
15314,1906415245
15336,1906415386
15366,1906415527
15322,1906415668
15337,1906415810
15321,1906415950
15315,1906416092
15325,1906416232
15324,1906416374
15359,1906416515
15333,1906416656
15306,1906416797
15322,1906416938
15312,1906417079
15312,1906417220
15311,1906417362
15357,1906417503
15326,1906417644
15341,1906417785
15303,1906417926
15324,1906418067
15320,1906418207
15300,1906418349
15320,1906418490
15320,1906418631
15315,1906418772
15335,1906418913
15333,1906419055
15335,1906419195
15314,1906419337
15316,1906419478
15330,1906419619
15316,1906419760
15307,1906419901
15315,1906420042
15315,1906420183
15323,1906420325
15311,1906420466
15320,1906420607
15328,1906420748
15340,1906420890
15321,1906421030
15321,1906421172
15321,1906421313
15332,1906421454
15310,1906421595
15313,1906421735
15325,1906421877
15319,1906422018
15311,1906422159
15322,1906422301
15336,1906422442
15312,1906422583
15325,1906422723
15311,1906422865
15321,1906423006
15322,1906423147
15324,1906423289
15328,1906423430
15314,1906423571
15322,1906423711
15321,1906423853
15326,1906423994
15320,1906424135
15324,1906424276
15322,1906424417
15331,1906424558
15319,1906424698
15315,1906424840
15327,1906424981
15312,1906425121
15323,1906425262
15320,1906425404
15315,1906425545
15314,1906425685
15335,1906425827
15327,1906425968
15334,1906426108
15323,1906426249
15320,1906426391
15320,1906426532
15355,1906426672
15322,1906426814
15327,1906426955
15310,1906427096
15325,1906427237
15323,1906427379
15311,1906427520
15353,1906427660
15344,1906427802
15321,1906427943
15307,1906428084
15316,1906428224
15321,1906428366
15324,1906428507
15328,1906428648
15340,1906428789
15318,1906428930
15310,1906429071
15328,1906429211
15331,1906429353
15327,1906429494
15334,1906429634
15353,1906429775
15329,1906429917
15323,1906430058
15326,1906430198
15320,1906430340
15329,1906430481
15321,1906430621
15356,1906430762
15348,1906430904
15316,1906431045
15325,1906431186
15319,1906431328
15321,1906431469
15326,1906431609
15344,1906431750
15338,1906431892
15320,1906432033
15315,1906432174
15312,1906432316
15332,1906432457
15315,1906432597
15349,1906432738
15341,1906432880
15321,1906433021
15333,1906433162
15315,1906433303
15321,1906433444
15315,1906433585
15338,1906433726
15351,1906433867
15326,1906434008
15340,1906434150
15319,1906434290
15320,1906434432
15317,1906434573
15333,1906434714
15330,1906434855
15323,1906434996
15314,1906435137
15319,1906435278
15323,1906435420
15317,1906435561
15331,1906435701
15317,1906435843
15325,1906435984
15334,1906436125
15327,1906436266
15321,1906436408
15317,1906436549
15322,1906436689
15313,1906436831
15322,1906436972
15330,1906437113
15317,1906437254
15326,1906437396
15316,1906437537
15325,1906437677
15308,1906437818
15317,1906437960
15322,1906438100
15322,1906438241
15321,1906438383
15318,1906438523
15321,1906438664
15327,1906438805
15316,1906438947
15318,1906439088
15305,1906439229
15356,1906439370
15327,1906439511
15322,1906439652
15324,1906439792
15304,1906439934
15307,1906440076
15317,1906440217
15334,1906440358
15312,1906440499
15328,1906440640
15321,1906440780
15305,1906440922
15329,1906441063
15301,1906441204
15316,1906441345
15310,1906441486
15320,1906441627
15299,1906441767
15313,1906441909
15327,1906442051
15299,1906442191
15319,1906442332
15327,1906442474
15353,1906442615
15272,1906442755
15336,1906442897
15349,1906443038
15328,1906443179
15325,1906443320
15318,1906443462
15324,1906443602
15335,1906443743
15341,1906443885
15367,1906444026
15333,1906444167
15320,1906444308
15330,1906444449
15315,1906444590
15336,1906444731
15335,1906444873
15352,1906445014
15322,1906445155
15339,1906445296
15322,1906445437
15321,1906445578
15332,1906445719
15314,1906445861
15355,1906446002
15339,1906446143
15315,1906446284
15321,1906446425
15326,1906446566
15340,1906446707
15321,1906446848
15360,1906446989
15332,1906447130
15322,1906447271
15308,1906447412
15312,1906447553
15317,1906447694
15320,1906447834
15335,1906447976
15355,1906448117
15337,1906448257
15328,1906448399
15314,1906448540
15319,1906448681
15307,1906448821
15337,1906448963
15363,1906449104
15328,1906449244
15325,1906449386
15310,1906449527
15322,1906449668
15318,1906449808
15325,1906449950
15355,1906450092
15336,1906450232
15324,1906450374
15329,1906450515
15324,1906450655
15320,1906450796
15321,1906450938
15311,1906451079
15321,1906451219
15320,1906451360
15317,1906451502
15325,1906451643
15332,1906451783
15311,1906451925
15334,1906452066
15323,1906452207
15320,1906452348
15325,1906452490
15320,1906452630
15321,1906452771
15302,1906452913
15333,1906453054
15320,1906453195
15323,1906453336
15320,1906453477
15333,1906453618
15324,1906453759
15313,1906453901
15309,1906454042
15316,1906454183
15321,1906454324
15339,1906454466
15319,1906454606
15319,1906454747
15301,1906454889
15325,1906455030
15323,1906455171
15315,1906455312
15308,1906455454
15304,1906455594
15323,1906455735
15327,1906455876
15315,1906456018
15328,1906456159
15321,1906456299
15324,1906456441
15320,1906456582
15330,1906456723
15306,1906456863
15313,1906457005
15319,1906457146
15313,1906457286
15315,1906457428
15321,1906457569
15320,1906457709
15319,1906457850
15318,1906457992
15321,1906458133
15311,1906458274
15325,1906458416
15331,1906458557
15315,1906458697
15315,1906458838
15327,1906458980
15326,1906459121
15340,1906459262
15330,1906459404
15326,1906459545
15333,1906459686
15324,1906459827
15320,1906459969
15341,1906460109
15352,1906460250
15319,1906460391
15332,1906460532
15316,1906460673
15321,1906460814
15333,1906460956
15317,1906461096
15354,1906461237
15333,1906461378
15313,1906461520
15319,1906461660
15311,1906461801
15313,1906461943
15320,1906462084
15342,1906462225
15348,1906462365
15329,1906462507
15323,1906462648
15316,1906462789
15318,1906462931
15316,1906463072
15327,1906463213
15337,1906463353
15318,1906463495
15320,1906463636
15305,1906463777
15311,1906463918
15325,1906464059
15328,1906464200
15358,1906464341
15324,1906464483
15306,1906464623
15315,1906464764
15316,1906464905
15312,1906465047
15316,1906465188
15356,1906465328
15338,1906465470
15336,1906465611
15328,1906465751
15318,1906465892
15327,1906466034
15313,1906466175
15345,1906466316
15330,1906466458
15342,1906466598
15315,1906466739
15309,1906466880
15331,1906467022
15325,1906467163
15316,1906467304
15322,1906467445
15300,1906467586
15332,1906467727
15324,1906467868
15324,1906468010
15316,1906468151
15321,1906468292
15320,1906468433
15312,1906468574
15317,1906468715
15319,1906468856
15327,1906468998
15329,1906469139
15316,1906469279
15315,1906469420
15316,1906469562
15322,1906469703
15314,1906469843
15335,1906469985
15324,1906470126
15312,1906470266
15323,1906470407
15328,1906470549
15327,1906470690
15322,1906470830
15326,1906470972
15312,1906471113
15328,1906471253
15337,1906471394
15338,1906471536
15323,1906471677
15320,1906471817
15324,1906471959
15322,1906472101
15310,1906472241
15348,1906472382
15314,1906472524
15323,1906472665
15323,1906472805
15310,1906472947
15320,1906473088
15323,1906473229
15298,1906473369
15313,1906473511
15319,1906473652
15324,1906473793
15335,1906473934
15328,1906474075
15318,1906474216
15331,1906474356
15307,1906474498
15322,1906474639
15320,1906474779
15325,1906474920
15316,1906475062
15317,1906475203
15316,1906475343
15347,1906475485
15350,1906475626
15323,1906475766
15309,1906475907
15318,1906476049
15313,1906476190
15318,1906476331
15365,1906476473
15363,1906476614
15320,1906476754
15317,1906476895
15338,1906477037
15327,1906477177
15332,1906477318
15338,1906477460
15355,1906477601
15328,1906477742
15319,1906477883
15325,1906478025
15315,1906478166
15326,1906478307
15323,1906478448
15356,1906478589
15327,1906478730
15322,1906478871
15322,1906479013
15320,1906479153
15324,1906479294
15322,1906479434
15343,1906479576
15336,1906479717
15319,1906479858
15327,1906479999
15318,1906480141
15318,1906480282
15318,1906480422
15362,1906480564
15348,1906480705
15328,1906480846
15325,1906480987
15317,1906481128
15328,1906481269
15329,1906481409
15335,1906481551
15345,1906481692
15337,1906481833
15317,1906481974
15321,1906482115
15324,1906482256
15313,1906482397
15347,1906482539
15372,1906482679
15332,1906482820
15315,1906482961
15319,1906483102
15328,1906483243
15331,1906483384
15308,1906483525
15333,1906483666
15312,1906483807
15323,1906483947
15301,1906484089
15318,1906484230
15323,1906484371
15311,1906484512
15332,1906484653
15319,1906484794
15317,1906484934
15317,1906485076
15322,1906485217
15322,1906485357
15323,1906485499
15313,1906485640
15315,1906485781
15307,1906485921
15307,1906486063
15303,1906486204
15309,1906486345
15325,1906486486
15335,1906486627
15325,1906486768
15316,1906486909
15325,1906487050
15318,1906487191
15327,1906487332
15317,1906487473
15309,1906487614
15332,1906487755
15322,1906487896
15312,1906488037
15324,1906488179
15318,1906488319
15315,1906488460
15313,1906488602
15318,1906488743
15315,1906488883
15329,1906489025
15318,1906489166
15321,1906489307
15323,1906489448
15330,1906489590
15311,1906489731
15319,1906489871
15317,1906490013
15315,1906490154
15316,1906490295
15311,1906490436
15314,1906490578
15323,1906490719
15320,1906490859
15316,1906491001
15331,1906491142
15318,1906491283
15321,1906491424
15321,1906491566
15325,1906491707
15344,1906491847
15336,1906491988
15310,1906492130
15326,1906492270
15322,1906492411
15326,1906492553
15321,1906492693
15353,1906492834
15316,1906492975
15313,1906493116
15320,1906493257
15313,1906493398
15336,1906493539
15312,1906493680
15353,1906493821
15340,1906493962
15326,1906494103
15318,1906494244
15316,1906494385
15320,1906494526
15315,1906494667
15356,1906494808
15334,1906494949
15308,1906495090
15316,1906495231
15316,1906495372
15311,1906495514
15329,1906495655
15338,1906495795
15347,1906495936
15324,1906496078
15330,1906496218
15327,1906496359
15311,1906496500
15316,1906496642
15330,1906496782
15348,1906496923
15330,1906497065
15308,1906497205
15311,1906497346
15322,1906497487
15339,1906497629
15331,1906497769
15355,1906497910
15326,1906498052
15330,1906498192
15327,1906498333
15317,1906498474
15309,1906498616
15332,1906498756
15368,1906498898
15297,1906499040
15320,1906499180
15333,1906499321
15316,1906499462
15325,1906499604
15318,1906499744
15317,1906499885
15308,1906500027
15327,1906500168
15338,1906500309
15311,1906500450
15305,1906500592
15286,1906500732
15327,1906500873
15323,1906501014
15310,1906501155
15328,1906501296
15323,1906501437
15330,1906501578
15320,1906501719
15332,1906501860
15300,1906502001
15321,1906502142
15337,1906502283
15321,1906502424
15318,1906502565
15311,1906502706
15330,1906502847
15334,1906502987
15332,1906503129
15322,1906503270
15322,1906503411
15329,1906503552
15311,1906503693
15325,1906503834
15314,1906503975
15327,1906504116
15324,1906504257
15325,1906504398
15338,1906504539
15316,1906504680
15328,1906504821
15321,1906504962
15333,1906505103
15322,1906505244
15330,1906505385
15311,1906505526
15324,1906505667
15312,1906505808
15333,1906505949
15332,1906506090
15329,1906506231
15315,1906506372
15319,1906506512
15330,1906506654
15321,1906506795
15322,1906506936
15303,1906507077
15333,1906507218
15323,1906507359
15314,1906507499
15315,1906507641
15327,1906507782
15317,1906507923
15357,1906508064
15328,1906508205
15320,1906508346
15311,1906508487
15310,1906508628
15327,1906508769
15323,1906508910
15351,1906509051
15347,1906509192
15324,1906509333
15319,1906509474
15324,1906509616
15315,1906509756
15318,1906509897
15350,1906510038
15349,1906510179
15310,1906510320
15331,1906510461
15329,1906510602
15317,1906510743
15321,1906510884
15334,1906511025
15351,1906511166
15327,1906511307
15332,1906511448
15314,1906511589
15324,1906511730
15327,1906511871
15325,1906512012
15350,1906512153
15325,1906512294
15324,1906512435
15323,1906512576
15339,1906512717
15318,1906512858
15330,1906512999
15355,1906513140
15320,1906513281
15316,1906513422
15328,1906513564
15327,1906513705
15318,1906513845
15326,1906513986
15355,1906514128
15339,1906514268
15327,1906514409
15312,1906514550
15332,1906514691
15326,1906514832
15315,1906514973
15343,1906515115
15354,1906515255
15319,1906515396
15324,1906515537
15310,1906515679
15321,1906515819
15333,1906515960
15331,1906516102
15320,1906516242
15326,1906516383
15314,1906516524
15306,1906516666
15311,1906516806
15337,1906516947
15314,1906517089
15322,1906517229
15312,1906517370
15328,1906517511
15328,1906517653
15317,1906517794
15327,1906517934
15330,1906518076
15330,1906518217
15322,1906518357
15320,1906518498
15317,1906518640
15331,1906518781
15322,1906518921
15331,1906519062
15322,1906519204
15319,1906519344
15325,1906519485
15313,1906519627
15317,1906519767
15315,1906519908
15322,1906520049
15327,1906520191
15308,1906520331
15308,1906520472
15326,1906520614
15316,1906520754
15325,1906520896
15313,1906521037
15321,1906521179
15326,1906521320
15326,1906521460
15320,1906521602
15325,1906521743
15325,1906521884
15308,1906522025
15315,1906522166
15320,1906522307
15302,1906522448
15320,1906522589
15317,1906522730
15321,1906522871
15328,1906523012
15302,1906523153
15319,1906523294
15315,1906523435
15313,1906523576
15327,1906523717
15324,1906523858
15326,1906523999
15331,1906524140
15347,1906524281
15347,1906524422
15344,1906524562
15321,1906524704
15330,1906524845
15326,1906524986
15323,1906525127
15350,1906525268
15352,1906525409
15326,1906525549
15326,1906525691
15313,1906525832
15321,1906525973
15313,1906526114
15324,1906526255
15356,1906526396
15324,1906526536
15334,1906526678
15322,1906526819
15320,1906526960
15321,1906527102
15335,1906527243
15359,1906527384
15336,1906527524
15338,1906527666
15310,1906527807
15321,1906527948
15305,1906528089
15314,1906528230
15347,1906528371
15336,1906528511
15316,1906528653
15302,1906528794
15355,1906528934
15306,1906529075
15328,1906529217
15337,1906529358
15351,1906529498
15316,1906529640
15331,1906529781
15315,1906529921
15327,1906530062
15317,1906530204
15302,1906530345
15342,1906530485
15329,1906530627
15348,1906530768
15314,1906530909
15326,1906531049
15352,1906531191
15328,1906531332
15362,1906531473
15320,1906531614
15332,1906531755
15321,1906531896
15311,1906532037
15301,1906532179
15315,1906532320
15316,1906532461
15341,1906532602
15325,1906532743
15350,1906532884
15332,1906533025
15337,1906533167
15340,1906533308
15308,1906533448
15338,1906533589
15312,1906533731
15332,1906533872
15330,1906534013
15325,1906534154
15323,1906534295
15337,1906534435
15327,1906534576
15319,1906534718
15318,1906534859
15321,1906534999
15326,1906535142
15318,1906535283
15321,1906535423
15321,1906535564
15312,1906535706
15317,1906535847
15329,1906535987
15321,1906536129
15319,1906536270
15326,1906536410
15309,1906536551
15324,1906536693
15319,1906536834
15319,1906536975
15320,1906537115
15316,1906537257
15322,1906537398
15318,1906537538
15316,1906537680
15317,1906537821
15317,1906537961
15327,1906538103
15310,1906538244
15312,1906538385
15313,1906538526
15330,1906538668
15319,1906538808
15316,1906538949
15316,1906539090
15322,1906539232
15334,1906539373
15312,1906539514
15325,1906539655
15329,1906539796
15325,1906539937
15310,1906540077
15325,1906540219
15312,1906540360
15319,1906540501
15355,1906540642
15308,1906540783
15322,1906540924
15322,1906541065
15316,1906541207
15306,1906541348
15330,1906541489
15355,1906541630
15333,1906541771
15317,1906541912
15325,1906542052
15334,1906542194
15315,1906542335
15318,1906542475
15352,1906542616
15332,1906542758
15308,1906542899
15320,1906543040
15312,1906543182
15335,1906543322
15319,1906543463
15345,1906543604
15349,1906543746
15341,1906543887
15317,1906544027
15315,1906544170
15319,1906544310
15311,1906544451
15335,1906544592
15346,1906544734
15323,1906544875
15322,1906545015
15327,1906545157
15320,1906545298
15311,1906545439
15317,1906545580
15347,1906545722
15332,1906545863
15317,1906546003
15328,1906546144
15307,1906546286
15321,1906546426
15332,1906546567
15371,1906546709
15324,1906546849
15322,1906546990
15323,1906547131
15333,1906547272
15328,1906547413
15309,1906547554
15351,1906547695
15336,1906547836
15323,1906547977
15318,1906548117
15336,1906548259
15311,1906548401
15302,1906548542
15332,1906548683
15327,1906548824
15320,1906548965
15322,1906549106
15313,1906549248
15325,1906549389
15318,1906549529
15323,1906549671
15324,1906549812
15306,1906549953
15325,1906550093
15326,1906550235
15312,1906550376
15316,1906550517
15317,1906550658
15326,1906550799
15315,1906550940
15312,1906551080
15319,1906551222
15325,1906551363
15325,1906551503
15320,1906551644
15301,1906551786
15318,1906551927
15310,1906552067
15327,1906552209
15312,1906552350
15311,1906552491
15324,1906552632
15313,1906552774
15324,1906552914
15328,1906553055
15338,1906553197
15319,1906553338
15316,1906553478
15310,1906553619
15319,1906553761
15324,1906553902
15325,1906554043
15324,1906554185
15323,1906554326
15324,1906554466
15324,1906554607
15320,1906554749
15318,1906554890
15314,1906555031
15313,1906555172
15322,1906555314
15321,1906555454
15337,1906555595
15321,1906555737
15330,1906555878
15309,1906556019
15321,1906556160
15323,1906556302
15319,1906556443
15313,1906556583
15316,1906556725
15348,1906556866
15337,1906557007
15322,1906557148
15325,1906557290
15318,1906557430
15326,1906557571
15321,1906557713
15346,1906557854
15359,1906557994
15315,1906558135
15299,1906558277
15321,1906558417
15323,1906558558
15321,1906558700
15328,1906558841
15355,1906558981
15328,1906559122
15336,1906559264
15303,1906559405
15338,1906559545
15319,1906559686
15316,1906559828
15358,1906559968
15333,1906560110
15337,1906560252
15337,1906560392
15312,1906560533
15324,1906560674
15309,1906560816
15364,1906560956
15339,1906561097
15318,1906561239
15321,1906561379
15320,1906561520
15331,1906561661
15321,1906561803
15350,1906561943
15350,1906562084
15349,1906562225
15313,1906562366
15323,1906562507
15324,1906562648
15331,1906562790
15374,1906562931
15348,1906563072
15320,1906563214
15320,1906563355
15314,1906563496
15320,1906563637
15313,1906563779
15336,1906563919
15353,1906564061
15334,1906564202
15330,1906564343
15332,1906564484
15324,1906564625
15310,1906564766
15341,1906564907
15323,1906565048
15332,1906565189
15319,1906565331
15325,1906565472
15319,1906565612
15345,1906565754
15329,1906565895
15328,1906566035
15331,1906566177
15324,1906566319
15321,1906566459
15325,1906566600
15320,1906566742
15319,1906566883
15323,1906567023
15325,1906567165
15335,1906567306
15321,1906567447
15321,1906567588
15307,1906567730
15316,1906567871
15316,1906568011
15330,1906568152
15330,1906568294
15338,1906568434
15317,1906568575
15309,1906568716
15319,1906568858
15320,1906568998
15319,1906569140
15299,1906569281
15317,1906569422
15321,1906569563
15311,1906569703
15323,1906569845
15326,1906569986
15313,1906570127
15336,1906570269
15328,1906570410
15318,1906570551
15337,1906570691
15326,1906570833
15320,1906570974
15322,1906571115
15318,1906571256
15318,1906571397
15311,1906571538
15332,1906571679
15314,1906571820
15331,1906571961
15318,1906572102
15316,1906572243
15319,1906572384
15321,1906572525
15309,1906572666
15322,1906572807
15312,1906572948
15336,1906573089
15350,1906573230
15331,1906573371
15324,1906573512
15327,1906573653
15318,1906573794
15324,1906573935
15316,1906574076
15364,1906574216
15347,1906574358
15327,1906574499
15330,1906574639
15329,1906574781
15322,1906574922
15320,1906575063
15359,1906575204
15331,1906575346
15322,1906575486
15315,1906575627
15330,1906575769
15324,1906575910
15314,1906576050
15341,1906576191
15331,1906576333
15321,1906576474
15322,1906576614
15322,1906576756
15315,1906576897
15325,1906577038
15341,1906577179
15347,1906577321
15334,1906577461
15337,1906577602
15319,1906577743
15326,1906577885
15315,1906578026
15334,1906578167
15352,1906578308
15338,1906578449
15306,1906578590
15331,1906578730
15297,1906578872
15325,1906579013
15321,1906579154
15359,1906579295
15318,1906579436
15322,1906579577
15319,1906579717
15337,1906579859
15333,1906580000
15317,1906580141
15354,1906580283
15332,1906580424
15320,1906580565
15333,1906580705
15327,1906580847
15331,1906580988
15326,1906581129
15321,1906581270
15311,1906581411
15323,1906581552
15317,1906581693
15332,1906581834
15325,1906581975
15333,1906582117
15320,1906582258
15324,1906582399
15319,1906582540
15316,1906582680
15326,1906582822
15318,1906582963
15336,1906583104
15327,1906583245
15325,1906583386
15331,1906583527
15317,1906583668
15322,1906583810
15311,1906583950
15315,1906584091
15331,1906584232
15327,1906584373
15307,1906584514
15341,1906584655
15324,1906584797
15321,1906584938
15321,1906585079
15324,1906585220
15322,1906585361
15334,1906585502
15324,1906585643
15329,1906585785
15330,1906585926
15309,1906586066
15320,1906586207
15327,1906586348
15323,1906586489
15330,1906586630
15322,1906586771
15321,1906586912
15321,1906587054
15317,1906587195
15317,1906587336
15336,1906587477
15313,1906587618
15309,1906587758
15316,1906587900
15302,1906588041
15321,1906588182
15342,1906588324
15312,1906588465
15303,1906588605
15312,1906588746
15305,1906588888
15309,1906589029
15341,1906589170
15324,1906589312
15368,1906589453
15335,1906589593
15325,1906589734
15335,1906589876
15347,1906590017
15323,1906590158
15319,1906590300
15350,1906590441
15343,1906590581
15328,1906590722
15309,1906590864
15315,1906591005
15304,1906591146
15320,1906591287
15335,1906591428
15343,1906591569
15326,1906591710
15343,1906591852
15314,1906591992
15328,1906592134
15315,1906592274
15329,1906592416
15379,1906592557
15363,1906592698
15319,1906592839
15317,1906592980
15327,1906593120
15334,1906593261
15339,1906593403
15370,1906593544
15324,1906593685
15333,1906593826
15336,1906593967
15297,1906594108
15303,1906594248
15331,1906594390
15372,1906594531
15329,1906594672
15333,1906594813
15326,1906594954
15318,1906595095
15321,1906595236
15316,1906595377
15343,1906595518
15350,1906595659
15314,1906595800
15327,1906595941
15324,1906596082
15299,1906596223
15317,1906596364
15336,1906596505
15353,1906596646
15349,1906596786
15309,1906596928
15330,1906597069
15322,1906597210
15313,1906597352
15322,1906597493
15317,1906597633
15319,1906597774
15319,1906597916
15324,1906598057
15332,1906598197
15326,1906598339
15312,1906598480
15327,1906598621
15331,1906598761
15322,1906598903
15315,1906599045
15324,1906599185
15311,1906599327
15334,1906599468
15318,1906599609
15315,1906599749
15313,1906599891
15323,1906600032
15315,1906600173
15322,1906600314
15322,1906600456
15304,1906600597
15330,1906600737
15323,1906600879
15318,1906601020
15318,1906601161
15338,1906601302
15322,1906601444
15323,1906601584
15329,1906601725
15328,1906601867
15319,1906602008
15327,1906602149
15323,1906602289
15323,1906602431
15315,1906602572
15310,1906602713
15321,1906602854
15316,1906602995
15325,1906603137
15320,1906603277
15332,1906603419
15322,1906603560
15314,1906603701
15319,1906603842
15325,1906603983
15330,1906604124
15316,1906604265
15317,1906604406
15329,1906604547
15300,1906604688
15317,1906604829
15316,1906604970
15315,1906605112
15314,1906605252
15317,1906605394
15319,1906605535
15352,1906605676
15358,1906605816
15316,1906605958
15324,1906606099
15319,1906606239
15331,1906606381
15319,1906606522
15325,1906606663
15356,1906606803
15337,1906606945
15327,1906607086
15334,1906607226
15322,1906607368
15311,1906607509
15330,1906607650
15344,1906607790
15321,1906607932
15313,1906608074
15316,1906608215
15331,1906608356
15318,1906608497
15326,1906608638
15356,1906608778
15331,1906608920
15329,1906609061
15323,1906609202
15322,1906609343
15325,1906609484
15322,1906609625
15337,1906609765
15344,1906609907
15323,1906610049
15323,1906610189
15322,1906610330
15334,1906610472
15331,1906610612
15342,1906610753
15363,1906610895
15326,1906611036
15328,1906611177
15328,1906611318
15330,1906611459
15319,1906611600
15311,1906611741
15353,1906611882
15318,1906612024
15333,1906612165
15322,1906612306
15311,1906612447
15316,1906612588
15323,1906612729
15352,1906612870
15334,1906613012
15317,1906613153
15322,1906613293
15324,1906613435
15321,1906613576
15321,1906613717
15330,1906613858
15323,1906613999
15339,1906614141
15324,1906614281
15321,1906614423
15325,1906614564
15320,1906614704
15326,1906614845
15338,1906614987
15331,1906615128
15333,1906615268
15327,1906615410
15323,1906615551
15321,1906615691
15331,1906615833
15323,1906615975
15335,1906616115
15329,1906616256
15312,1906616398
15319,1906616539
15311,1906616679
15322,1906616820
15327,1906616962
15325,1906617103
15333,1906617243
15314,1906617385
15313,1906617526
15313,1906617667
15324,1906617807
15313,1906617949
15315,1906618091
15330,1906618231
15323,1906618372
15316,1906618514
15315,1906618654
15296,1906618796
15313,1906618937
15309,1906619078
15345,1906619219
15318,1906619359
15315,1906619501
15310,1906619642
15324,1906619783
15317,1906619924
15342,1906620065
15310,1906620206
15311,1906620346
15326,1906620488
15304,1906620629
15315,1906620770
15326,1906620911
15302,1906621052
15323,1906621193
15328,1906621333
15336,1906621475
15317,1906621616
15324,1906621757
15281,1906621898
15335,1906622039
15329,1906622181
15339,1906622321
15336,1906622463
15312,1906622604
15317,1906622745
15322,1906622886
15357,1906623027
15348,1906623168
15341,1906623309
15326,1906623451
15327,1906623591
15330,1906623732
15337,1906623873
15345,1906624015
15334,1906624156
15337,1906624297
15328,1906624438
15325,1906624579
15336,1906624720
15332,1906624861
15337,1906625003
15352,1906625144
15326,1906625285
15332,1906625426
15326,1906625567
15320,1906625708
15319,1906625849
15324,1906625990
15347,1906626131
15333,1906626272
15327,1906626413
15328,1906626554
15331,1906626695
15315,1906626836
15319,1906626978
15360,1906627119
15338,1906627260
15342,1906627401
15321,1906627542
15322,1906627683
15325,1906627824
15312,1906627965
15352,1906628107
15351,1906628247
15327,1906628388
15312,1906628530
15328,1906628671
15315,1906628811
15318,1906628953
15348,1906629094
15354,1906629235
15333,1906629376
15332,1906629518
15326,1906629658
15308,1906629799
15323,1906629941
15321,1906630082
15330,1906630222
15322,1906630363
15319,1906630505
15329,1906630646
15329,1906630787
15317,1906630929
15330,1906631070
15319,1906631210
15325,1906631351
15342,1906631493
15314,1906631634
15310,1906631774
15323,1906631915
15326,1906632057
15319,1906632197
15336,1906632338
15315,1906632480
15331,1906632621
15315,1906632761
15314,1906632902
15302,1906633045
15310,1906633185
15334,1906633326
15322,1906633468
15324,1906633608
15323,1906633749
15330,1906633890
15318,1906634032
15323,1906634173
15327,1906634314
15308,1906634455
15337,1906634596
15327,1906634737
15324,1906634878
15318,1906635020
15325,1906635160
15334,1906635301
15320,1906635443
15328,1906635583
15319,1906635724
15332,1906635865
15310,1906636007
15326,1906636148
15314,1906636289
15321,1906636430
15319,1906636571
15327,1906636712
15312,1906636853
15310,1906636994
15320,1906637136
15327,1906637276
15316,1906637417
15315,1906637559
15331,1906637700
15328,1906637840
15312,1906637982
15305,1906638123
15341,1906638264
15345,1906638405
15315,1906638547
15312,1906638687
15323,1906638828
15333,1906638970
15315,1906639111
15341,1906639251
15341,1906639392
15324,1906639534
15321,1906639675
15322,1906639815
15320,1906639957
15320,1906640098
15328,1906640239
15360,1906640379
15320,1906640521
15311,1906640662
15329,1906640803
15325,1906640944
15325,1906641085
15324,1906641226
15350,1906641367
15337,1906641509
15331,1906641650
15316,1906641790
15323,1906641931
15321,1906642073
15322,1906642214
15359,1906642354
15328,1906642496
15323,1906642637
15307,1906642777
15328,1906642918
15327,1906643060
15302,1906643201
15345,1906643341
15347,1906643483
15329,1906643624
15320,1906643765
15324,1906643905
15325,1906644047
15323,1906644188
15341,1906644329
15358,1906644470
15331,1906644611
15322,1906644752
15329,1906644893
15312,1906645034
15304,1906645175
15325,1906645316
15356,1906645457
15348,1906645598
15325,1906645739
15316,1906645879
15335,1906646021
15314,1906646163
15317,1906646303
15308,1906646444
15323,1906646586
15309,1906646726
15328,1906646867
15338,1906647009
15324,1906647150
15321,1906647291
15333,1906647431
15319,1906647573
15318,1906647714
15326,1906647855
15320,1906647996
15316,1906648137
15321,1906648278
15324,1906648419
15318,1906648560
15301,1906648701
15320,1906648842
15325,1906648983
15335,1906649124
15315,1906649265
15327,1906649406
15324,1906649547
15328,1906649688
15295,1906649829
15328,1906649971
15324,1906650112
15321,1906650253
15328,1906650394
15328,1906650535
15328,1906650676
15313,1906650817
15307,1906650957
15319,1906651099
15311,1906651240
15315,1906651381
15308,1906651522
15331,1906651663
15317,1906651804
15332,1906651944
15325,1906652086
15332,1906652227
15274,1906652368
15291,1906652509
15315,1906652650
15319,1906652791
15315,1906652932
15303,1906653073
15320,1906653214
15319,1906653355
15313,1906653496
15313,1906653637
15326,1906653778
15341,1906653919
15330,1906654061
15325,1906654201
15330,1906654342
15331,1906654483
15342,1906654624
15335,1906654765
15311,1906654906
15310,1906655047
15320,1906655188
15319,1906655329
15310,1906655469
15355,1906655611
15326,1906655752
15320,1906655893
15315,1906656034
15317,1906656176
15316,1906656316
15329,1906656457
15352,1906656599
15332,1906656740
15326,1906656880
15323,1906657022
15315,1906657163
15328,1906657303
15331,1906657444
15357,1906657586
15338,1906657727
15326,1906657867
15323,1906658009
15320,1906658150
15320,1906658291
15317,1906658431
15325,1906658573
15364,1906658714
15334,1906658855
15329,1906658996
15328,1906659138
15318,1906659278
15332,1906659419
15326,1906659561
15369,1906659702
15329,1906659842
15331,1906659983
15325,1906660125
15325,1906660265
15322,1906660406
15317,1906660548
15373,1906660688
15333,1906660829
15324,1906660970
15328,1906661112
15318,1906661252
15327,1906661393
15313,1906661535
15360,1906661675
15352,1906661816
15330,1906661957
15323,1906662099
15324,1906662240
15339,1906662381
15318,1906662523
15329,1906662664
15320,1906662805
15307,1906662946
15328,1906663088
15330,1906663228
15318,1906663369
15309,1906663510
15319,1906663651
15326,1906663792
15311,1906663933
15331,1906664074
15320,1906664215
15326,1906664356
15335,1906664496
15349,1906664638
15319,1906664779
15312,1906664920
15317,1906665061
15315,1906665202
15330,1906665343
15320,1906665483
15304,1906665625
15314,1906665766
15319,1906665907
15337,1906666049
15321,1906666190
15309,1906666331
15321,1906666471
15327,1906666613
15323,1906666754
15313,1906666895
15323,1906667036
15315,1906667178
15320,1906667319
15318,1906667459
15313,1906667601
15328,1906667742
15315,1906667883
15322,1906668024
15333,1906668165
15323,1906668306
15323,1906668446
15315,1906668588
15327,1906668729
15327,1906668870
15326,1906669010
15332,1906669152
15319,1906669293
15325,1906669433
15314,1906669575
15322,1906669716
15316,1906669857
15315,1906669997
15322,1906670140
15322,1906670281
15313,1906670421
15320,1906670563
15322,1906670704
15338,1906670845
15341,1906670986
15351,1906671128
15314,1906671269
15322,1906671409
15315,1906671551
15318,1906671692
15348,1906671833
15343,1906671973
15332,1906672115
15326,1906672256
15309,1906672397
15319,1906672538
15325,1906672679
15344,1906672820
15348,1906672960
15333,1906673102
15311,1906673243
15316,1906673383
15317,1906673524
15340,1906673666
15321,1906673806
15345,1906673947
15337,1906674089
15319,1906674229
15308,1906674370
15330,1906674511
15325,1906674653
15324,1906674793
15357,1906674934
15325,1906675076
15316,1906675217
15315,1906675357
15323,1906675498
15315,1906675640
15327,1906675781
15359,1906675921
15337,1906676064
15337,1906676205
15328,1906676345
15311,1906676486
15327,1906676628
15314,1906676769
15312,1906676909
15356,1906677050
15326,1906677191
15324,1906677332
15315,1906677473
15331,1906677615
15321,1906677755
15331,1906677896
15368,1906678037
15340,1906678179
15323,1906678320
15329,1906678461
15332,1906678602
15312,1906678743
15332,1906678884
15318,1906679024
15326,1906679166
15320,1906679307
15331,1906679448
15327,1906679589
15318,1906679730
15323,1906679871
15320,1906680012
15325,1906680153
15316,1906680294
15313,1906680435
15325,1906680576
15351,1906680717
15323,1906680858
15317,1906680999
15325,1906681141
15327,1906681281
15331,1906681422
15325,1906681563
15322,1906681704
15306,1906681845
15321,1906681986
15341,1906682127
15320,1906682268
15317,1906682409
15323,1906682549
15320,1906682691
15328,1906682832
15319,1906682973
15323,1906683114
15320,1906683255
15325,1906683395
15324,1906683536
15326,1906683678
15313,1906683819
15327,1906683960
15322,1906684101
15325,1906684242
15326,1906684383
15329,1906684523
15324,1906684665
15320,1906684806
15324,1906684947
15327,1906685088
15335,1906685229
15323,1906685370
15320,1906685511
15330,1906685652
15318,1906685793
15308,1906685934
15327,1906686075
15327,1906686216
15323,1906686357
15334,1906686498
15321,1906686639
15323,1906686780
15317,1906686921
15340,1906687062
15355,1906687204
15331,1906687345
15318,1906687485
15305,1906687627
15332,1906687768
15312,1906687909
15326,1906688049
15343,1906688191
15342,1906688332
15319,1906688473
15306,1906688614
15314,1906688755
15321,1906688896
15330,1906689037
15357,1906689179
15328,1906689320
15332,1906689461
15324,1906689602
15326,1906689743
15317,1906689884
15329,1906690025
15343,1906690166
15342,1906690307
15324,1906690448
15326,1906690589
15299,1906690730
15337,1906690871
15333,1906691012
15339,1906691153
15365,1906691294
15320,1906691434
15333,1906691575
15356,1906691717
15321,1906691858
15325,1906691998
15277,1906692141
15340,1906692282
15329,1906692422
15325,1906692563
15315,1906692705
15324,1906692845
15322,1906692986
15324,1906693128
15364,1906693269
15332,1906693409
15331,1906693550
15331,1906693692
15331,1906693833
15329,1906693973
15332,1906694116
15370,1906694257
15336,1906694397
15318,1906694538
15320,1906694680
15327,1906694821
15323,1906694961
15338,1906695103
15315,1906695244
15318,1906695385
15322,1906695526
15305,1906695668
15325,1906695808
15320,1906695949
15312,1906696090
15330,1906696232
15329,1906696372
15308,1906696513
15327,1906696655
15310,1906696795
15317,1906696936
15329,1906697077
15310,1906697218
15322,1906697359
15336,1906697500
15322,1906697642
15319,1906697783
15327,1906697923
15313,1906698065
15324,1906698207
15332,1906698347
15318,1906698488
15320,1906698630
15312,1906698771
15333,1906698911
15334,1906699053
15308,1906699195
15327,1906699335
15319,1906699476
15314,1906699617
15318,1906699758
15311,1906699899
15328,1906700041
15325,1906700182
15309,1906700323
15324,1906700463
15324,1906700604
15315,1906700746
15322,1906700887
15320,1906701028
15328,1906701170
15310,1906701311
15330,1906701451
15326,1906701592
15324,1906701734
15319,1906701875
15324,1906702015
15320,1906702157
15326,1906702298
15316,1906702438
15310,1906702579
15323,1906702721
15321,1906702862
15304,1906703003
15329,1906703144
15327,1906703285
15369,1906703426
15329,1906703566
15333,1906703708
15330,1906703849
15318,1906703990
15319,1906704131
15319,1906704272
15358,1906704413
15337,1906704553
15324,1906704695
15324,1906704836
15322,1906704977
15315,1906705117
15312,1906705259
15344,1906705400
15339,1906705541
15332,1906705682
15327,1906705823
15323,1906705964
15326,1906706104
15323,1906706246
15341,1906706387
15354,1906706528
15333,1906706669
15321,1906706810
15319,1906706951
15320,1906707092
15324,1906707234
15314,1906707375
15340,1906707515
15332,1906707657
15314,1906707798
15324,1906707939
15328,1906708079
15334,1906708221
15302,1906708362
15356,1906708503
15341,1906708644
15323,1906708785
15334,1906708926
15321,1906709067
15333,1906709209
15317,1906709350
15363,1906709490
15334,1906709631
15322,1906709773
15326,1906709913
15321,1906710054
15317,1906710196
15340,1906710336
15348,1906710477
15373,1906710618
15339,1906710760
15322,1906710900
15318,1906711042
15282,1906711183
15310,1906711324
15337,1906711465
15325,1906711606
15359,1906711748
15331,1906711889
15310,1906712029
15322,1906712172
15327,1906712312
15286,1906712453
15305,1906712594
15339,1906712736
15294,1906712876
15304,1906713017
15333,1906713159
15314,1906713300
15315,1906713441
15312,1906713582
15316,1906713723
15321,1906713864
15327,1906714005
15312,1906714146
15309,1906714288
15332,1906714429
15311,1906714569
15312,1906714711
15326,1906714852
15329,1906714993
15318,1906715133
15317,1906715275
15318,1906715416
15318,1906715557
15332,1906715698
15325,1906715839
15315,1906715980
15326,1906716120
15314,1906716262
15308,1906716403
15317,1906716544
15322,1906716685
15325,1906716826
15320,1906716967
15326,1906717108
15321,1906717249
15321,1906717390
15311,1906717531
15329,1906717672
15323,1906717813
15322,1906717954
15329,1906718095
15319,1906718236
15325,1906718377
15312,1906718518
15329,1906718658
15325,1906718800
15313,1906718941
15313,1906719082
15331,1906719224
15320,1906719365
15316,1906719505
15348,1906719646
15336,1906719788
15329,1906719929
15324,1906720070
15316,1906720211
15329,1906720352
15328,1906720493
15350,1906720634
15353,1906720776
15333,1906720916
15323,1906721057
15315,1906721199
15309,1906721339
15315,1906721480
15329,1906721621
15360,1906721763
15336,1906721903
15315,1906722045
15323,1906722186
15317,1906722327
15316,1906722468
15334,1906722609
15376,1906722750
15339,1906722891
15318,1906723032
15316,1906723173
15318,1906723315
15322,1906723456
15312,1906723597
15347,1906723738
15349,1906723879
15324,1906724020
15318,1906724161
15310,1906724303
15328,1906724444
15324,1906724584
15358,1906724726
15344,1906724867
15330,1906725008
15322,1906725149
15334,1906725291
15314,1906725432
15322,1906725572
15337,1906725714
15359,1906725855
15329,1906725996
15329,1906726137
15311,1906726279
15327,1906726420
15328,1906726560
15330,1906726701
15359,1906726843
15333,1906726983
15317,1906727125
15326,1906727266
15311,1906727407
15324,1906727548
15328,1906727689
15321,1906727830
15324,1906727971
15326,1906728112
15310,1906728253
15328,1906728394
15312,1906728535
15320,1906728676
15323,1906728817
15335,1906728958
15326,1906729099
15316,1906729240
15309,1906729381
15323,1906729522
15314,1906729663
15317,1906729805
15316,1906729945
15322,1906730086
15330,1906730228
15316,1906730369
15328,1906730510
15316,1906730651
15317,1906730792
15308,1906730933
15319,1906731075
15320,1906731216
15309,1906731357
15318,1906731498
15316,1906731638
15330,1906731780
15321,1906731921
15320,1906732061
15310,1906732202
15325,1906732344
15327,1906732485
15316,1906732625
15317,1906732767
15317,1906732908
15316,1906733048
15318,1906733189
15313,1906733331
15323,1906733472
15306,1906733612
15318,1906733754
15298,1906733895
15307,1906734036
15322,1906734177
15318,1906734319
15323,1906734460
15332,1906734600
15331,1906734742
15321,1906734883
15322,1906735024
15327,1906735165
15323,1906735307
15320,1906735448
15316,1906735588
15318,1906735729
15334,1906735871
15347,1906736012
15332,1906736153
15329,1906736295
15317,1906736435
15332,1906736576
15326,1906736717
15308,1906736858
15371,1906736999
15342,1906737140
15348,1906737282
15325,1906737423
15325,1906737564
15321,1906737704
15324,1906737846
15362,1906737987
15341,1906738128
15311,1906738270
15331,1906738411
15321,1906738552
15321,1906738692
15327,1906738834
15354,1906738975
15320,1906739115
15316,1906739257
15303,1906739398
15317,1906739539
15310,1906739679
15316,1906739821
15329,1906739962
15368,1906740103
15339,1906740244
15327,1906740385
15333,1906740526
15333,1906740666
15321,1906740808
15325,1906740949
15352,1906741089
15321,1906741230
15325,1906741372
15330,1906741513
15324,1906741654
15326,1906741795
15322,1906741936
15361,1906742077
15343,1906742218
15343,1906742360
15328,1906742501
15324,1906742641
15336,1906742783
15321,1906742924
15330,1906743064
15345,1906743205
15328,1906743347
15316,1906743488
15327,1906743629
15285,1906743770
15330,1906743911
15317,1906744053
15337,1906744193
15319,1906744335
15323,1906744476
15304,1906744617
15316,1906744758
15312,1906744899
15322,1906745040
15320,1906745181
15313,1906745323
15315,1906745463
15306,1906745604
15330,1906745745
15310,1906745886
15312,1906746027
15309,1906746168
15328,1906746309
15306,1906746450
15339,1906746591
15307,1906746731
15318,1906746873
15317,1906747014
15318,1906747155
15302,1906747296
15324,1906747437
15328,1906747578
15309,1906747719
15320,1906747860
15312,1906748001
15313,1906748143
15302,1906748284
15314,1906748425
15331,1906748566
15311,1906748707
15319,1906748848
15313,1906748989
15303,1906749131
15327,1906749272
15314,1906749413
15316,1906749554
15325,1906749694
15316,1906749836
15310,1906749977
15316,1906750118
15321,1906750258
15309,1906750400
15304,1906750541
15323,1906750682
15317,1906750823
15316,1906750964
15303,1906751105
15321,1906751246
15316,1906751388
15333,1906751529
15319,1906751669
15309,1906751811
15308,1906751952
15328,1906752093
15363,1906752234
15339,1906752376
15320,1906752517
15317,1906752657
15325,1906752799
15333,1906752940
15324,1906753081
15348,1906753221
15337,1906753363
15333,1906753504
15328,1906753645
15319,1906753786
15304,1906753927
15324,1906754068
15343,1906754208
15353,1906754350
15334,1906754491
15336,1906754631
15313,1906754772
15313,1906754914
15321,1906755055
15342,1906755195
15341,1906755337
15324,1906755478
15325,1906755618
15318,1906755759
15316,1906755901
15327,1906756041
15319,1906756182
15358,1906756324
15336,1906756465
15322,1906756605
15339,1906756746
15323,1906756888
15318,1906757029
15320,1906757170
15349,1906757312
15344,1906757453
15332,1906757593
15333,1906757734
15330,1906757876
15317,1906758017
15311,1906758158
15339,1906758299
15342,1906758440
15324,1906758581
15323,1906758722
15313,1906758864
15325,1906759004
15324,1906759145
15336,1906759286
15366,1906759427
15317,1906759568
15323,1906759709
15314,1906759850
15310,1906759991
15317,1906760132
15311,1906760272
15312,1906760414
15315,1906760555
15309,1906760696
15328,1906760837
15316,1906760978
15319,1906761120
15308,1906761260
15312,1906761402
15313,1906761543
15327,1906761684
15320,1906761825
15321,1906761966
15316,1906762108
15311,1906762248
15326,1906762390
15331,1906762531
15323,1906762672
15312,1906762813
15326,1906762954
15316,1906763095
15326,1906763235