14988,23319337
14992,23319478
14970,23319618
14972,23319758
14964,23319901
14969,23320041
14958,23320181
14965,23320322
15006,23320463
14984,23320603
14978,23320744
14969,23320884
14972,23321025
14968,23321165
14976,23321306
14991,23321447
14978,23321588
14969,23321728
14967,23321868
14974,23322009
14968,23322150
14969,23322290
15001,23322431
14978,23322571
14971,23322712
14964,23322852
14983,23322993
14974,23323133
14975,23323274
14994,23323415
14989,23323555
14981,23323696
14976,23323838
14966,23323978
14966,23324118
14970,23324259
14980,23324400
15005,23324541
14975,23324681
14973,23324821
14955,72317025
14959,72317165
14960,72317306
14962,72317447
14968,72317589
14977,72317729
14969,72317871
14965,72318011
14964,72318152
14971,72318293
14966,72318433
14966,72318574
14965,72318714
14966,72318855
14967,72318996
14968,72319138
14957,72319280
15004,72319420
14966,72319560
14975,72319701
14961,72319842
14962,72319982
14977,72320123
14969,72320263
14968,72320404
14961,72320544
14972,72320685
14989,72320825
14970,72320966
14966,72321107
14951,72321248
14973,72321388
14960,72321529
14970,72321669
14966,72321810
14976,72321950
14974,72322091
14954,72322232
14968,72322373
14964,72322513
14965,72322654
14969,72322795
14968,72322935
14963,72323075
14959,72323216
14978,72323357
14972,72323497
14969,72323637
14960,72323779
14974,72323919
14964,72324059
15000,72324200
14985,72324341
14980,72324482
14973,72324622
14973,72324762
14967,72324904
14967,72325044
14988,72325185
14993,72325325
14974,72325466
14974,72325607
14973,72325747
14966,72325887
14964,72326029
14982,72326170
14993,72326310
14978,72326450
14977,72326591
14965,72326733
14966,72326873
14970,72327013
14962,72327154
14987,72327295
14981,72327436
14976,72327576
14960,72327717
14966,72327858
14973,72327998
14970,72328139
14996,72328280
14981,72328421
14972,72328561
14974,72328701
14968,72328842
14971,72328983
14976,72329123
14990,72329263
14985,72329404
14982,72329545
14975,72329685
14974,72329825
14973,72329966
14971,72330107
14976,72330248
15005,72330388
14983,72330529
14970,72330670
14970,72330810
14962,72330950
14961,72331092
14966,72331232
15005,72331373
14983,72331513
14970,72331654
14976,72331795
14967,72331935
14972,72332075
14971,72332216
14952,72332357
14966,72332497
14972,72332637
14967,72332779
14965,72332919
14957,72333059
14974,72333200
14966,72333341
14968,72333482
14964,72333622
14974,72333762
14969,72333904
14964,72334044
14970,72334185
14960,72334325
14971,72334466
14974,72334607
14969,72334747
14972,72334887
14973,72335029
14974,72335170
14961,72335310
14969,72335450
14963,72335592
14968,72335732
14967,72335872
14964,72336013
14967,72336154
14977,72336294
14977,72336434
14973,72336575
14963,72336716
14962,72336856
14975,72336996
14969,72337137
14965,72337279
14961,72337419
14975,72337559
14968,72337700
14973,72337841
14968,72337981
14961,72338121
14977,72338262
14972,72338403
14961,72338543
14966,72338684
14972,72338824
14977,72338965
14962,72339106
14966,72339246
14968,72339387
14964,72339528
14969,72339669
14955,72339809
14967,72339950
14974,72340091
14969,72340232
14967,72340372
15006,72340513
14987,72340654
14966,72340794
14970,72340934
14976,72341075
14977,72341216
14977,72341356
14996,72341496
14980,72341637
14979,72341778
14978,72341918
14966,72342059
14964,72342200
14967,72342341
14995,72342481
15002,72342622
14975,72342762
14976,72342903
14973,72343044
14967,72343184
14976,72343325
14973,72343466
15008,72343606
14978,72343747
14968,72343887
14968,72344028
14981,72344169
14969,72344309
14974,72344450
15014,72344591
14977,72344731
14968,72344872
14971,72345012
14970,72345153
14969,72345293
14962,72345434
14992,72345574
14982,72345715
14970,72345855
14965,72345996
14969,72346137
14966,72346278
14964,72346418
14985,72346559
14986,72346699
14988,72346840
14981,72346980
14970,72347121
14978,72347261
14972,72347402
14976,72347543
15007,72347683
14968,72347823
14979,72347964
14956,72348105
14968,72348245
14956,72348385
14962,72348527
14955,72348667
14969,72348807
14974,72348947
14961,72349089
14980,72349229
14942,72349369
14951,72349510
14975,72349651
14971,72349791
14962,72349931
14977,72350072
14971,72350213
14964,72350353
14976,72350493
14982,72350634
14950,72350775
14979,72350915
14975,72351056
14959,72351197
14973,72351338
14973,72351478
14951,72351618
14974,72351759
14972,72351900
14974,72352041
15001,72352181
14988,72352322
14965,72352463
14975,72352603
14967,72352744
14964,72352884
14978,72353025
14950,72353165
14955,72353306
14971,72353446
14972,72353587
14979,72353727
14961,72353868
14967,72354008
14954,72354151
14967,72354291
14971,72354431
14974,72354572
14974,72354713
14965,72354853
14969,72354994
14976,72355135
14961,72355276
14966,72355416
14971,72355557
14980,72355698
14977,72355839
14971,72355979
14962,72356120
14976,72356261
14967,72356402
14976,72356542
14977,72356682
15003,72356823
14976,72356964
14975,72357105
14971,72357246
14958,72357386
14966,72357528
14975,72357668
14999,72357808
14976,72357949
14971,72358090
14959,72358231
14958,72358371
14961,72358511
14971,72358653
14986,72358793
14988,72358933
14977,72359074
14968,72359215
14963,72359355
14966,72359495
14975,72359636
14987,72359777
15005,72359917
14987,72360058
14973,72360199
14979,72360340
14974,72360480
14975,72360620
14978,72360761
15012,72360902
14977,72361043
14966,72361183
14967,72361324
14969,72361465
14969,72361605
14966,72361745
15003,72361886
14974,72362027
14975,72362167
14958,72362308
14971,72362448
14969,72362589
14976,72362729
14991,72362870
14974,72363010
14971,72363151
14968,72363292
14978,72363432
14983,72363572
14955,72363713
14982,72363854
15005,72363994
14971,72364135
14970,72364276
14972,72364416
14971,72364557
14977,72364697
14976,72364838
14971,72364979
14964,72365119
14972,72365259
14972,72365400
14968,72365541
14969,72365681
14970,72365821
14981,72365963
14965,72366103
14973,72366243
14972,72366383
14957,72366525
14967,72366665
14953,72366805
14972,72366946
14965,72367087
14960,72367228
14970,72367368
14968,72367508
14971,72367650
14963,72367790
14970,72367930
14974,72368071
14969,72368212
14963,72368352
14971,72368492
14975,72368633
14973,72368774
14972,72368914
14966,72369055
14969,72369196
14979,72369337
14969,72369477
14966,72369617
14963,72369758
14970,72369899
14962,72370039
14974,72370180
14970,72370321
14958,72370463
14968,72370603
14964,72370743
14969,72370884
14978,72371025
14973,72371166
14970,72371306
14969,72371446
14970,72371588
14957,72371728
14972,72371868
14965,72372009
14969,72372151
14966,72372291
14963,72372431
14979,72372571
14967,72372713
14972,72372853
14981,72372993
14996,72373133
14970,72373275
14979,72373415
14974,72373555
14970,72373696
14974,72373837
14981,72373977
14995,72374117
14975,72374258
14975,72374399
14963,72374539
14960,72374680
14975,72374820
14972,72374961
15004,72375102
14982,72375242
14978,72375383
14970,72375524
14969,72375664
14973,72375805
14975,72375945
14987,72376086
14995,72376226
14977,72376367
14974,72376507
14973,72376648
14957,72376789
14983,72376929
14988,72377069
14984,72377211
14974,72377351
14969,72377492
14968,72377632
14968,72377773
14976,72377914
14974,72378054
14994,72378195
14980,72378336
14980,72378476
14971,72378617
14965,72378757
14961,72378898
14974,72379039
14984,72379180
14989,72379320
14982,72379461
14967,72379601
14960,72379742
14974,72379882
14964,72380023
14985,72380164
14971,72380305
14971,72380445
14958,72380586
14976,72380727
14983,72380867
14952,72381007
14976,72381149
14964,72381289
14972,72381430
14978,72381570
14970,72381711
14978,72381852
14981,72381992
14981,72382132
14943,72382273
14972,72382414
14973,72382554
14954,72382694
14970,72382836
14983,72382976
14979,72383116
14961,72383256
14967,72383398
14988,72383538
14985,72383678
14970,72383819
14986,72383960
14973,72384100
14950,72384240
14970,72384381
14966,72384522
14981,72384662
14961,72384803
14975,72384943
14974,72385084
14975,72385225
14966,72385366
14969,72385506
14976,72385647
14967,72385787
14973,72385928
14969,72386068
14968,72386209
14973,72386349
14973,72386490
14977,72386630
14975,72386771
14964,72386912
14974,72387052
14974,72387192
14964,72387334
14974,72387474
14977,72387614
14971,72387755
14969,72387896
14970,72388036
14959,72388177
14969,72388317
14972,72388459
14972,72388599
14973,72388739
14973,72388880
14972,72389021
14967,72389162
14981,72389302
14992,72389442
14976,72389584
14975,72389724
14969,72389865
14966,72390006
14975,72390148
14971,72390288
14993,72390429
14972,72390569
14980,72390710
14963,72390851
14971,72390991
14977,72391131
14961,72391272
15009,72391413
14983,72391553
14974,72391693
14976,72391835
14976,72391975
14971,72392115
14967,72392255
14996,72392397
14985,72392537
14971,72392677
14976,72392818
14964,72392959
14974,72393100
14967,72393240
14993,72393380
14982,72393522
14976,72393662
14971,72393802
14965,72393943
14960,72394084
14970,72394225
14994,72394365
14999,72394505
14983,72394647
14972,72394787
14981,72394927
14965,72395068
14976,72395209
14966,72395349
15002,72395489
14972,72395630
14971,72395771
14973,72395911
14975,72396052
14972,72396193
14963,72396334
14997,72396474
14984,72396614
14982,72396755
14970,72396896
14974,72397036
14969,72397177
14972,72397318
14974,72397459
14979,72397599
14966,72397739
14979,72397880
14971,72398021
14967,72398162
14973,72398302
14970,72398443
14966,72398584
14974,72398724
14971,72398865
14976,72399005
14962,72399148
14972,72399288
14967,72399428
14966,72399568
14968,72399710
14971,72399850
14967,72399990
14972,72400131
14963,72400272
14967,72400413
14967,72400553
14966,72400693
14960,72400835
14986,72400975
14964,72401116
14971,72401256
14973,72401398
14971,72401538
14962,72401678
14971,72401818
14974,72401960
14971,72402100
14963,72402240
14973,72402381
14966,72402522
14970,72402662
14974,72402803
14969,72402943
14970,72403084
14973,72403225
14969,72403365
14969,72403506
14974,72403648
14981,72403788
14974,72403928
14967,72404069
14959,72404210
14970,72404350
14974,72404490
14970,72404631
14976,72404772
14981,72404912
14976,72405053
14979,72405194
14967,72405335
14977,72405475
14995,72405615
14992,72405756
14968,72405897
14969,72406038
14967,72406178
14971,72406319
14967,72406460
14995,72406600
14996,72406741
14980,72406881
14984,72407022
14969,72407163
14970,72407303
14971,72407444
14976,72407585
15009,72407725
14977,72407866
14969,72408006
14986,72408149
14973,72408289
14979,72408429
14978,72408570
15010,72408711
14978,72408851
14971,72408991
14975,72409132
14971,72409273
14979,72409413
14977,72409554
14999,72409694
14990,72409835
14962,72409975
14961,72410116
14967,72410256
14965,72410397
14972,72410538
14991,72410678
14992,72410818
14972,72410959
14975,72411100
14995,72411241
14975,72411381
14975,72411522
14981,72411663
15013,72411803
14975,72411943
14973,72412085
14951,72412226
14962,72412366
14964,72412506
14979,72412648
15002,72412788
14993,72412928
14957,72413069
14964,72413210
14986,72413350
14971,72413490
14974,72413631
14964,72413772
14966,72413912
14976,72414053
14972,72414193
14972,72414335
14975,72414475
14963,72414615
14972,72414756
14963,72414897
14972,72415037
14964,72415178
14970,72415319
14969,72415460
14962,72415600
14972,72415740
14968,72415881
14956,72416022
14970,72416163
14973,72416303
14967,72416444
14968,72416585
14970,72416725
14971,72416865
14966,72417006
14976,72417148
14970,72417289
14979,72417429
14979,72417569
14970,72417711
14971,72417851
14972,72417991
14978,72418131
14973,72418273
14975,72418413
14977,72418553
14966,72418693
14964,72418835
14974,72418975
14968,72419116
14967,72419256
14976,72419398
14974,72419538
14970,72419678
14964,72419819
14979,72419960
14971,72420101
14973,72420241
14983,72420381
14960,72420523
14987,72420663
14965,72420803
14976,72420944
14974,72421085
14960,72421226
14972,72421366
14971,72421506
14974,72421648
14974,72421788
15003,72421928
14990,72422069
14972,72422210
14966,72422350
14963,72422490
14968,72422631
14975,72422772
14996,72422912
14987,72423053
14973,72423194
14965,72423335
14982,72423475
14975,72423615
14975,72423756
14990,72423897
14993,72424037
14973,72424178
14973,72424319
14979,72424460
14973,72424600
14974,72424740
14973,72424881
14993,72425022
14979,72425163
14968,72425303
14972,72425444
14978,72425585
14976,72425725
14974,72425866
15001,72426006
14979,72426149
14974,72426289
14973,72426429
14974,72426569
14966,72426711
14966,72426851
15011,72426991
14992,72427132
14970,72427273
14976,72427413
14963,72427554
14974,72427694
14965,72427835
14994,72427975
14988,72428116
14971,72428256
14978,72428397
14978,72428537
14964,72428678
14975,72428818
14987,72428959
15000,72429100
14980,72429241
14974,72429381
14963,72429522
14979,72429662
14969,72429803
14985,72429943
14972,72430084
14970,72430225
14969,72430366
14970,72430506
14974,72430647
14969,72430788
14970,72430928
14971,72431068
14966,72431209
14973,72431350
14972,72431490
14966,72431630
14974,72431772
14971,72431912
14971,72432052
14965,72432193
14964,72432334
14967,72432475
14968,72432615
14964,72432755
14963,72432897
14972,72433037
14973,72433178
14971,72433318
14978,72433459
14982,72433600
14976,72433740
14977,72433880
14971,72434022
14975,72434162
14978,72434302
14972,72434443
14967,72434584
14983,72434724
14972,72434864
14967,72435005
14964,72435148
14965,72435288
14970,72435428
14967,72435568
14977,72435710
14965,72435850
14969,72435990
14977,72436131
14966,72436272
14977,72436413
14972,72436553
14973,72436693
14969,72436835
14976,72436975
14974,72437115
14968,72437255
14977,72437397
14970,72437537
14964,72437677
14959,72437818
14976,72437959
14976,72438099
15008,72438239
14985,72438380
14976,72438521
14983,72438661
14975,72438802
14964,72438942
14962,72439083
15007,72439224
14971,72439364
14970,72439505
14972,72439646
14980,72439786
14959,72439927
14967,72440067
15012,72440208
14995,72440348
14976,72440489
14971,72440629
14980,72440770
15005,72440911
14976,72441051
15010,72441192
14980,72441333
14972,72441474
14958,72441614
15009,72441754
14972,72441895
14960,72442036
14980,72442177
14996,72442317
14975,72442458
14972,72442599
14953,72442739
14997,72442879
14973,72443021
14957,72443161
15004,72443302
14976,72443442
14967,72443583
14971,72443724
14967,72443864
14993,72444004
14976,72444145
15001,72444286
14972,72444426
14973,72444566
14968,72444707
14969,72444848
14966,72444988
14981,72445128
14983,72445270
14990,72445410
14978,72445550
14972,72445691
14967,72445832
14974,72445972
14973,72446112
14968,72446253
14968,72446394
14970,72446534
14965,72446674
14976,72446815
14966,72446956
14971,72447097
14968,72447237
14973,72447378
14978,72447519
14970,72447659
14971,72447800
14971,72447940
14970,72448081
14966,72448222
14981,72448362
14979,72448503
14972,72448644
14973,72448784
14967,72448925
14973,72449065
14967,72449206
14965,72449346
14970,72449487
14984,72449627
14973,72449768
14966,72449909
14966,72450049
14970,72450190
14971,72450331
14973,72450471
14966,72450612
14954,72450752
14988,72450893
14965,72451034
14975,72451175
14977,72451315
14982,72451456
14976,72451596
14966,72451737
14973,72451877
14964,72452018
14966,72452158
14959,72452299
14976,72452439
14975,72452580
14977,72452721
14975,72452861
14972,72453001
14958,72453142
14973,72453283
14968,72453423
14967,72453563
14985,72453705
14960,72453845
14971,72453985
14971,72454125
14974,72454267
14983,72454407
14989,72454547
14976,72454688
14980,72454829
14972,72454969
14958,72455110
14965,72455250
14977,72455392
14992,72455532
14979,72455672
14977,72455813
14967,72455954
14977,72456095
14964,72456235
14973,72456375
15013,72456517
14985,72456657
14976,72456797
14958,72456938
14970,72457079
14970,72457219
14963,72457359
14991,72457500
15004,72457641
14966,72457781
14971,72457922
14968,72458062
14967,72458203
14975,72458344
14990,72458484
14985,72458625
14979,72458766
14971,72458906
14977,72459047
14984,72459188
14964,72459329
14977,72459469
14999,72459609
14977,72459750
14977,72459891
14980,72460032
14972,72460172
14962,72460313
14962,72460454
15005,72460594
14976,72460734
14972,72460875
14981,72461016
14975,72461157
14975,72461297
14973,72461438
15004,72461579
14981,72461719
14973,72461860
14974,72462000
14974,72462141
14986,72462281
14975,72462422
14974,72462562
14978,72462703
14971,72462844
14972,72462984
14972,72463124
14982,72463265
14965,72463406
14976,72463546
14975,72463686
14978,72463827
14975,72463968
14967,72464109
14983,72464249
14971,72464390
14967,72464531
14973,72464671
14963,72464811
14983,72464952
14957,72465093
14975,72465234
14973,72465374
14967,72465515
14966,72465656
14966,72465796
14978,72465936
14981,72466077
14971,72466218
14966,72466359
14963,72466499
14972,72466640
14981,72466781
14966,72466921
14968,72467061
14969,72467202
14977,72467343
14970,72467483
14962,72467623
14974,72467764
14971,72467905
14978,72468045
14960,72468186
14972,72468327
14973,72468468
14972,72468608
14970,72468748
14976,72468889
14959,72469030
14978,72469171
14969,72469311
14956,72469452
14969,72469593
14955,72469733
14968,72469873
14974,72470015
14981,72470156
14973,72470296
14963,72470436
14960,72470577
14976,72470718
14976,72470858
14953,72470998
14974,72471139
14968,72471280
14973,72471420
15004,72471560
14977,72471702
14996,72471842
14973,72471982
14981,72472122
14970,72472264
14974,72472404
14977,72472544
14996,72472685
14989,72472826
14988,72472966
15001,72473106
14980,72473247
14957,72473388
14973,72473528
14947,72473669
15016,72473809
14989,72473950
14979,72474091
14974,72474232
14982,72474372
14970,72474513
14964,72474653
14993,72474794
14993,72474934
14981,72475075
14975,72475216
14974,72475357
14966,72475497
14974,72475638
14990,72475779
14987,72475919
14995,72476059
14975,72476201
14976,72476341
14974,72476482
14976,72476622
14974,72476763
15010,72476904
14978,72477044
14969,72477185
14981,72477326
14970,72477466
14959,72477607
14974,72477747
15001,72477888
14988,72478029
14979,72478170
14952,72478310
14968,72478451
14969,72478592
14963,72478732
14971,72478872
14972,72479013
14980,72479154
14971,72479295
14965,72479435
14967,72479576
14972,72479717
14977,72479857
14967,72479997
14971,72480139
14967,72480279
14978,72480420
14975,72480560
14978,72480701
14968,72480842
14962,72480982
14979,72481122
14968,72481263
14978,72481404
14959,72481544
14975,72481684
14970,72481825
14976,72481966
14969,72482106
14969,72482246
14980,72482388
14961,72482528
14962,72482668
14978,72482808
14970,72482950
14967,72483090
14967,72483231
14968,72483371
14977,72483513
14973,72483653
14977,72483793
14973,72483933
14969,72484075
14976,72484216
14972,72484356
14968,72484496
14978,72484638
14967,72484778
14961,72484918
14966,72485059
14953,72485200
14961,72485340
14972,72485480
14976,72485621
14971,72485762
14973,72485902
14978,72486043
14974,72486183
14965,72486325
14972,72486465
14968,72486605
14972,72486746
14971,72486887
15003,72487027
14987,72487168
14979,72487308
14970,72487450
14973,72487590
14974,72487730
14972,72487871
14996,72488012
14989,72488153
14983,72488293
14978,72488434
14975,72488575
14968,72488715
14976,72488855
14975,72488996
14996,72489137
14968,72489277
14958,72489417
14979,72489558
14968,72489699
14974,72489839
14970,72489980
15009,72490121
14979,72490262
14974,72490402
14965,72490542
14969,72490683
14966,72490824
14975,72490964
15006,72491105
14980,72491246
14965,72491387
14969,72491527
14971,72491667
14970,72491808
14961,72491949
15010,72492089
14996,72492230
14983,72492371
14973,72492512
14970,72492652
14977,72492793
14982,72492933
14982,72493074
14990,72493215
14970,72493355
14968,72493496
14966,72493637
14975,72493777
14971,72493918
14973,72494058
14993,72494199
14973,72494339
14983,72494480
14964,72494620
14975,72494761
14970,72494902
14972,72495042
14978,72495183
14962,72495324
14972,72495464
14965,72495605
14971,72495745
14972,72495886
14982,72496027
14963,72496168
14952,72496308
14976,72496449
14968,72496589
14968,72496730
14965,72496870
14974,72497011
14963,72497152
14968,72497293
14976,72497433
14972,72497574
14979,72497714
14984,72497855
14974,72497995
14971,72498137
14969,72498277
14963,72498418
14967,72498558
14967,72498699
14968,72498839
14970,72498980
14978,72499120
14968,72499261
14969,72499401
14970,72499542
14969,72499682
14980,72499823
14964,72499964
14969,72500105
14968,72500245
14979,72500386
14961,72500526
14973,72500667
14971,72500807
14977,72500948
14975,72501089
14987,72501230
14972,72501370
14981,72501511
14975,72501651
14965,72501792
14976,72501932
14971,72502073
14973,72502214
14960,72502355
14969,72502495
14979,72502636
14996,72502776
14968,72502917
14964,72503057
14975,72503198
15005,72503338
14985,72503479
14972,72503619
14953,72503760
14967,72503901
14982,72504041
14971,72504181
14999,72504322
14988,72504463
14966,72504603
14984,72504743
14962,72504885
14977,72505025
14973,72505166
14990,72505306
14998,72505447
14970,72505588
14978,72505728
14983,72505868
14979,72506010
14970,72506151
14982,72506291
15000,72506431
14981,72506572
14977,72506713
14983,72506853
14970,72506993
14962,72507135
14985,72507275
15000,72507415
14978,72507556
14981,72507697
14977,72507837
14969,72507977
14972,72508118
14972,72508259
14997,72508399
14982,72508540
14984,72508680
14985,72508821
14968,72508961
14968,72509102
14969,72509242
14993,72509383
14991,72509524
14982,72509664
14977,72509804
14970,72509945
14969,72510086
14964,72510226
14987,72510366
14993,72510508
14975,72510648
14964,72510788
14968,72510928
14968,72511070
14961,72511211
14957,72511352
14971,72511492
14979,72511633
14977,72511774
14974,72511914
14971,72512054
14966,72512195
14969,72512336
14965,72512476
14982,72512616
14958,72512758
14970,72512899
14965,72513039
14971,72513180
14972,72513321
14965,72513461
14971,72513602
14961,72513742
14972,72513883
14971,72514024
14972,72514165
14976,72514305
14977,72514446
14970,72514587
14967,72514727
14969,72514867
14972,72515009
14971,72515149
14986,72515290
14981,72515430
14973,72515571
14977,72515711
14957,72515852
14963,72515992
14963,72516133
14968,72516274
14969,72516414
14962,72516554
14974,72516696
14982,72516836
14969,72516976
14969,72517116
14974,72517258
14967,72517398
14966,72517538
14975,72517679
14973,72517820
14966,72517960
14973,72518100
14974,72518241
14971,72518382
14979,72518522
14965,72518663
14970,72518803
14957,72518944
14969,72519085
14972,72519225
14972,72519366
14986,72519507
15006,72519647
14970,72519788
14981,72519928
14961,72520069
14973,72520210
14962,72520350
14969,72520491
15004,72520632
14981,72520772
14977,72520913
14970,72521053
14964,72521194
14975,72521334
14977,72521475
15000,72521615
14989,72521756
14973,72521897
14966,72522037
14977,72522177
14977,72522318
14966,72522459
14994,72522599
14989,72522739
14972,72522880
14980,72523021
14982,72523162
14969,72523302
14964,72523443
14976,72523584
15002,72523724
14985,72523864
14969,72524006
14972,72524147
14975,72524287
14966,72524427
14978,72524568
15004,72524709
14979,72524849
14973,72524989
14977,72525130
14977,72525271
14970,72525411
14968,72525551
15012,72525692
14982,72525833
14977,72525973
14972,72526114
14972,72526255
14974,72526396
14973,72526536
14988,72526676
14978,72526817
14975,72526958
14978,72527098
14972,72527238
14978,72527380
14980,72527520
14974,72527660
14968,72527801
14971,72527942
14970,72528082
14972,72528223
14975,72528363
14981,72528505
14966,72528645
14961,72528785
14960,72528926
14987,72529067
14973,72529208
14964,72529348
14967,72529488
14973,72529630
14956,72529770
14965,72529910
14972,72530051
14960,72530192
14970,72530332
14979,72530472
14967,72530613
14986,72530754
14983,72530894
14970,72531035
14969,72531175
14979,72531317
14972,72531457
14969,72531597
14960,72531738
14971,72531879
14980,72532019
14968,72532160
14974,72532300
14976,72532442
14958,72532582
14966,72532722
14978,72532863
14990,72533004
14986,72533144
14967,72533284
14986,72533425
14970,72533566
14978,72533706
14980,72533846
14963,72533987
14978,72534128
14959,72534268
14968,72534409
14971,72534549
14972,72534690
14957,72534830
14963,72534971
14969,72535111
14964,72535252
14981,72535393
14966,72535533
14976,72535673
14991,72535814
15012,72535955
14979,72536096
14975,72536236
14978,72536377
14977,72536518
14971,72536659
14988,72536799
15002,72536940
14981,72537081
14973,72537222
14974,72537362
14964,72537503
14974,72537643
14972,72537784
15002,72537924
14980,72538065
14986,72538206
14975,72538347
14972,72538487
14978,72538628
14968,72538769
14996,72538909
14984,72539049
14972,72539190
14973,72539331
14976,72539471
14976,72539611
14965,72539753
14983,72539893
14984,72540033
14974,72540174
14979,72540315
14970,72540456
14970,72540596
14973,72540736
14974,72540877
15005,72541018
14984,72541159
14980,72541299
14965,72541440
14977,72541581
14971,72541721
14978,72541861
14991,72542003
14987,72542143
14969,72542284
14966,72542424
14981,72542565
14973,72542706
14976,72542847
15000,72542987
14992,72543128
14970,72543268
14977,72543409
14961,72543549
14959,72543690
14968,72543831
14963,72543971
14974,72544112
14971,72544253
14968,72544394
14976,72544534
14974,72544674
14975,72544815
14962,72544956
14974,72545097
14965,72545237
14969,72545378
14965,72545519
14977,72545659
14968,72545799
14973,72545940
14971,72546081
14980,72546222
14970,72546362
14967,72546503
14974,72546644
14974,72546784
14971,72546924
14973,72547065
14979,72547206
14958,72547347
14964,72547487
14978,72547628
14972,72547769
14970,72547909
14966,72548049
14970,72548191
14970,72548331
14970,72548472
14973,72548612
14979,72548753
14977,72548894
14968,72549034
14966,72549175
14978,72549316
14965,72549457
14964,72549597
14969,72549737
14965,72549878
14961,72550019
14967,72550160
14968,72550300
14971,72550441
14978,72550582
14968,72550722
14974,72550862
14982,72551004
14966,72551144
14970,72551285
14976,72551425
14981,72551566
14960,72551707
14978,72551847
14972,72551987
14988,72552128
14982,72552269
14964,72552409
14974,72552549
14967,72552691
14963,72552831
14978,72552971
14982,72553111
14993,72553253
14977,72553393
14972,72553533
14975,72553674
14972,72553815
14972,72553955
14972,72554095
14997,72554236
14987,72554377
14975,72554517
14967,72554657
14969,72554798
14981,72554939
14970,72555079
15008,72555220
14978,72555361
14970,72555502
14971,72555642
14980,72555783
14971,72555923
14975,72556064
14997,72556205
14978,72556345
14981,72556486
14967,72556627
14977,72556767
14966,72556908
14969,72557048
15000,72557189
14993,72557329
14989,72557470
14975,72557610
14964,72557751
14970,72557892
14976,72558032
14990,72558173
15003,72558314
14985,72558454
14965,72558595
14977,72558735
14978,72558876
14962,72559017
14962,72559157
15006,72559298
14982,72559439
14985,72559579
14968,72559720
14948,72559860
14960,72560001
14978,72560142
14950,72560283
14973,72560423
14985,72560564
14969,72560704
14967,72560845
14966,72560985
14969,72561126
14989,72561266
14974,72561407
14965,72561547
14974,72561688
14975,72561829
14945,72561969
14976,72562109
14963,72562250
14965,72562391
14967,72562531
14995,72562671
14978,72562812
14970,72562953
14973,72563094
14977,72563234
14974,72563375
14963,72563516
14980,72563656
14980,72563796
14971,72563938
14972,72564078
14965,72564219
14977,72564359
14971,72564501
14972,72564641
14956,72564781
14972,72564921
14975,72565063
14976,72565204
14973,72565344
14969,72565484
14966,72565626
14967,72565766
14977,72565906
14972,72566047
14967,72566188
14975,72566329
14973,72566469
14981,72566609
14967,72566751
14968,72566891
14969,72567031
14976,72567172
14971,72567314
14972,72567454
14966,72567594
14965,72567734
14962,72567876
14972,72568016
14970,72568157
14968,72568297
15003,72568439
14981,72568579
14977,72568719
14976,72568860
14974,72569001
14974,72569142
14963,72569282
14991,72569422
14990,72569564
14977,72569704
14975,72569845
14965,72569985
14983,72570127
14974,72570267
14984,72570407
14990,72570547
14989,72570689
14972,72570829
14964,72570969
14984,72571110
14965,72571252
14982,72571392
15002,72571532
14982,72571673
14968,72571814
14976,72571954
14966,72572094
14965,72572235
14978,72572376
15006,72572516
14978,72572656
14978,72572797
14967,72572938
14971,72573078
14976,72573219
14970,72573360
14992,72573501
14985,72573641
14969,72573782
14974,72573922
14967,72574063
14973,72574204
14967,72574344
14986,72574485
14991,72574626
14975,72574766
14973,72574907
14961,72575047
14977,72575188
14973,72575328
14980,72575469
14993,72575609
14988,72575750
14978,72575891
14969,72576031
14976,72576172
14966,72576313
14975,72576453
14979,72576594
14974,72576734
14968,72576875
14969,72577016
14969,72577157
14966,72577297
14967,72577438
14970,72577578
14972,72577719
14976,72577859
14969,72578000
14979,72578141
14973,72578281
14959,72578421
14982,72578562
14978,72578703
14963,72578843
14976,72578983
14967,72579125
14974,72579265
14964,72579405
14971,72579545
14970,72579687
14971,72579827
14971,72579967
14975,72580108
14971,72580249
14966,72580390
14970,72580530
14969,72580670
14977,72580812
14967,72580952
14968,72581092
14972,72581232
14964,72581374
14965,72581514
14970,72581654
14972,72581795
14979,72581936
14977,72582076
14970,72582217
14972,72582358
14967,72582499
14962,72582639
14972,72582780
14977,72582920
14972,72583061
14973,72583202
14975,72583342
14970,72583483
14966,72583624
14977,72583764
14975,72583905
14969,72584045
14967,72584186
14976,72584326
14964,72584467
14992,72584607
15004,72584748
14981,72584889
14970,72585029
14981,72585170
14966,72585311
14963,72585451
14978,72585592
14995,72585732
14982,72585873
14973,72586014
14979,72586154
14972,72586294
14976,72586435
14983,72586575
14990,72586716
14993,72586856
14975,72586997
14973,72587138
14974,72587279
14971,72587419
14967,72587560
14982,72587701
14990,72587841
14973,72587981
14980,72588122
14972,72588263
14968,72588403
14969,72588543
14982,72588685
14997,72588825
14975,72588965
14977,72589105
14958,72589247
14966,72589387
14961,72589527
14991,72589668
15010,72589809
14982,72589949
14988,72590090
14973,72590231
14953,72590372
14971,72590512
14963,72590652
15009,72590793
14999,72590934
14987,72591074
14971,72591215
14949,72591356
14974,72591497
14975,72591637
14970,72591778
15014,72591918
14977,72592059
14969,72592199
14965,72592340
14961,72592480
14965,72592621
14947,72592762
14979,72592902
14975,72593042
14978,72593183
14975,72593324
14968,72593464
14975,72593604
14972,72593746
14970,72593886
14974,72594026
14970,72594167
14962,72594308
14973,72594449
14970,72594589
14979,72594729
14965,72594871
14963,72595011
14974,72595152
14972,72595292
14975,72595433
14973,72595574
14977,72595714
14969,72595854
14965,72595996
14960,72596137
14966,72596277
14972,72596417
14968,72596559
14971,72596699
14973,72596839
14979,72596979
14970,72597121
14974,72597261
14970,72597401
14974,72597542
14959,72597683
14970,72597823
14959,72597963
14972,72598104
14965,72598245
14968,72598385
14969,72598525
14970,72598666
14981,72598807
14966,72598947
14961,72599088
14972,72599229
14967,72599370
14962,72599510
14963,72599651
14965,72599791
14970,72599932
14975,72600072
14968,72600213
14976,72600354
14961,72600495
14974,72600635
14966,72600776
14984,72600917
15010,72601058
14968,72601199
14973,72601339
14975,72601479
14967,72601621
14971,72601761
14971,72601901
15008,72602042
14982,72602183
14962,72602323
14965,72602463
14973,72602604
14976,72602745
14969,72602885
15003,72603026
14990,72603167
14975,72603308
14967,72603448
14962,72603588
14970,72603729
14972,72603870
14985,72604011
15001,72604151
14970,72604292
14970,72604433
14971,72604573
14977,72604714
14968,72604854
14979,72604995
15007,72605136
14970,72605276
14973,72605417
14976,72605558
14973,72605698
14975,72605839
14976,72605979
14996,72606120
14976,72606260
14985,72606401
14976,72606541
14977,72606682
14966,72606823
14972,72606963
15004,72607103
14975,72607244
14975,72607385
14977,72607525
14974,72607665
14973,72607806
14977,72607947
14996,72608087
14993,72608228
14985,72608369
14979,72608510
14971,72608650
14980,72608790
14973,72608931
14977,72609072
14967,72609213
14969,72609353
14972,72609494
14971,72609635
14975,72609775
14967,72609915
14976,72610057
14971,72610198
14972,72610338
14972,72610478
14972,72610619
14972,72610760
14979,72610900
14979,72611041
14971,72611181
14971,72611322
14968,72611462
14964,72611602
14967,72611744
14965,72611884
14976,72612024
14966,72612165
14987,72612307
14966,72612447
14953,72612587
14958,72612728
14983,72612869
14970,72613009
14968,72613150
14968,72613290
14960,72613432
14976,72613572
14973,72613712
14972,72613853
14978,72613994
14980,72614134
14969,72614274
14966,72614415
14960,72614556
14975,72614696
14971,72614836
14965,72614977
14976,72615118
14968,72615258
14975,72615399
14970,72615539
14972,72615680
14975,72615820
14969,72615961
14983,72616101
14960,72616242
14977,72616383
14976,72616523
14975,72616663
14965,72616804
14980,72616945
14964,72617085
14989,72617226
15010,72617367
14983,72617508
14964,72617648
14962,72617788
14996,72617929
14967,72618070
14985,72618211
15005,72618351
14967,72618492
14981,72618633
14962,72618773
14980,72618913
14952,72619055
14956,72619196
15006,72619336
14987,72619476
14972,72619617
14971,72619758
14974,72619898
14964,72620039
14972,72620180
14999,72620320
15005,72620460
14987,72620600
14963,72620742
14969,72620882
14974,72621023
14968,72621163
14997,72621305
14986,72621445
14970,72621585
14987,72621726
14969,72621867
14968,72622007
14973,72622148
14979,72622288
14998,72622430
14973,72622570
14971,72622710
14974,72622851
14963,72622992
14980,72623132
14982,72623272
14999,72623413
14974,72623554
14976,72623694
14962,72623835
14964,72623975
14975,72624116
14977,72624256
15000,72624397
14989,72624537
14969,72624678
14975,72624819
14976,72624959
14975,72625100
14971,72625241
14980,72625382
14967,72625522
14976,72625662
14961,72625803
14976,72625944
14972,72626084
14974,72626225
14980,72626366
14975,72626507
14970,72626647
14975,72626787
14986,72626928
14969,72627069
14969,72627210
14976,72627350
14965,72627491
14970,72627632
14970,72627772
14965,72627912
14962,72628054
14970,72628194
14967,72628334
14969,72628474
14978,72628616
14975,72628756
14971,72628896
14974,72629037
14973,72629178
14977,72629318
14969,72629458
14981,72629598
14977,72629740
14978,72629880
14969,72630021
14965,72630161
14976,72630302
14981,72630442
14973,72630582
14959,72630723
14969,72630864
14963,72631004
14962,72631145
14977,72631286
14980,72631427
14972,72631567
14974,72631707
14975,72631848
14962,72631989
14977,72632130
14967,72632270
14969,72632411
14971,72632552
14977,72632692
14969,72632833
14966,72632973
14969,72633114
14970,72633254
14968,72633396
14993,72633536
14992,72633677
14975,72633817
14967,72633958
14968,72634099
14965,72634240
14976,72634380
14988,72634521
14996,72634661
14976,72634802
14975,72634942
14973,72635083
14968,72635223
14967,72635364
14983,72635505
15009,72635645
14980,72635785
14978,72635926
14978,72636067
14964,72636208
14967,72636348
14973,72636489
15003,72636630
14987,72636770
14987,72636910
14969,72637052
14969,72637192
14970,72637333
14973,72637473
15004,72637614
14982,72637755
14969,72637895
14978,72638035
14977,72638176
14967,72638317
14968,72638457
15001,72638597
14982,72638739
14970,72638879
14974,72639019
14977,72639160
14969,72639301
14977,72639442
14987,72639582
15003,72639722
14976,72639864
14969,72640004
14971,72640145
14991,72640285
14972,72640426
14975,72640567
14992,72640707
14991,72640847
14974,72640989
14979,72641129
14979,72641269
14970,72641410
14979,72641551
14973,72641691
14977,72641831
14966,72641972
14983,72642113
14980,72642253
14967,72642394
14971,72642534
14966,72642675
14977,72642815
14958,72642956
14970,72643096
14966,72643237
14967,72643378
14967,72643518
14975,72643658
14970,72643799
14977,72643940
14969,72644080
14976,72644221
14960,72644362
14973,72644503
14971,72644643
14971,72644783
14967,72644925
14973,72645065
14972,72645206
14970,72645346
14976,72645487
14960,72645628
14963,72645768
14970,72645908
14974,72646050
14968,72646191
14980,72646331
14970,72646471
14965,72646613
14974,72646753
14971,72646893
14967,72647034
14979,72647175
14973,72647315
14969,72647455
14972,72647596
14978,72647737
14971,72647877
14972,72648018
14975,72648158
14974,72648300
14968,72648440
14977,72648580
14967,72648721
14975,72648862
14972,72649002
14971,72649143
14973,72649284
14974,72649425
14974,72649565
14980,72649705
14996,72649846
14986,72649987
14969,72650128
14969,72650268
14969,72650409
14976,72650550
14965,72650690
14984,72650831
14992,72650971
14981,72651112
14982,72651252
14976,72651393
14976,72651533
14958,72651674
14990,72651815
14992,72651955
14987,72652095
14958,72652236
14966,72652377
14957,72652517
14975,72652657
14984,72652799
15001,72652939
14996,72653079
14956,72653220
14967,72653361
14977,72653502
14960,72653642
14969,72653782
14999,72653924
14977,72654064
14958,72654205
14985,72654345
14980,72654487
14965,72654627
14980,72654767
14994,72654907
14971,72655049
14982,72655190
14979,72655330
14971,72655470
14978,72655612
14969,72655752
14995,72655892
14996,72656033
14982,72656174
14966,72656314
14966,72656454
14974,72656595
14961,72656736
14990,72656876
14999,72657017
14982,72657157
14964,72657299
14969,72657439
14976,72657579
14980,72657720
14976,72657861
14965,72658001
14978,72658142
14957,72658282
14970,72658424
14972,72658564
14975,72658704
14956,72658845
14968,72658986
14971,72659127
14970,72659267
14962,72659408
14975,72659549
14976,72659689
14973,72659829
14972,72659970
14971,72660111
14978,72660251
14977,72660392
14962,72660532
14971,72660673
14964,72660813
14969,72660954
14962,72661095
14967,72661236
14964,72661376
14955,72661517
14969,72661657
14966,72661798
14968,72661938
14964,72662079
14973,72662220
14978,72662361
14974,72662501
14964,72662642
14964,72662782
14968,72662923
14986,72663064
14975,72663204
14973,72663344
14976,72663485
14972,72663626
14972,72663766
14966,72663906
14976,72664048
14968,72664189
14970,72664329
14974,72664469
14974,72664610
14969,72664751
14970,72664891
14980,72665032
14974,72665172
14971,72665313
14973,72665453
14973,72665593
14973,72665735
14982,72665875
14970,72666015
14998,72666156
14983,72666297
14969,72666438
14974,72666578
14974,72666718
14975,72666860
14971,72667000
15016,72667141
14987,72667281
14958,72667423
14988,72667563
14966,72667703
14976,72667843
14961,72667985
15003,72668125
14983,72668265
14972,72668406
14977,72668547
14981,72668687
14978,72668827
14972,72668968
14985,72669109
15006,72669249
14987,72669390
14979,72669530
14971,72669671
14971,72669811
14971,72669952
14987,72670092
15004,72670233
14983,72670374
14963,72670515
14970,72670655
14973,72670796
14975,72670937
14967,72671077
15000,72671218
14980,72671359
14972,72671499
14965,72671640
14970,72671780
14987,72671921
14975,72672062
14999,72672203
14978,72672343
14976,72672484
14977,72672624
14963,72672765
14982,72672905
14977,72673046
14990,72673187
14994,72673328
14988,72673468
14969,72673609
14968,72673749
14977,72673890
14975,72674030
14970,72674172
14976,72674312
14960,72674453
14973,72674593
14970,72674734
14975,72674874
14975,72675015
14960,72675156
14981,72675297
14970,72675437
14973,72675578
14977,72675718
14971,72675859
14965,72676000
14981,72676141
14977,72676281
14973,72676422
14977,72676562
14974,72676703
14980,72676843
14975,72676984
14967,72677125
14970,72677266
14974,72677406
14975,72677547
14966,72677687
14965,72677828
14985,72677969
14967,72678110
14971,72678250
14969,72678391
14974,72678531
14966,72678672
14979,72678812
14975,72678953
14981,72679093
14973,72679234
14973,72679375
14972,72679515
14978,72679655
14979,72679796
14977,72679937
14978,72680077
14989,72680218
14983,72680359
14984,72680500
14974,72680640
14983,72680780
14966,72680921
14958,72681062
14961,72681203
14953,72681343
14958,72681484
14973,72681625
14971,72681765
14974,72681905
14978,72682047
14978,72682187
14961,72682328
14985,72682468
14980,72682609
14978,72682750
14970,72682890
14964,72683031
14978,72683171
14999,72683312
15008,72683452
14976,72683592
14970,72683734
14979,72683874
14971,72684015
14975,72684155
14977,72684297
15003,72684437
14990,72684577
14979,72684718
14979,72684859
14982,72684999
14980,72685140
14974,72685280
14994,72685422
14993,72685562
14977,72685702
14965,72685843
14965,72685984
14978,72686124
14973,72686264
14997,72686405
14997,72686546
14977,72686686
14971,72686827
14975,72686967
14978,72687108
14982,72687248
14980,72687389
15001,72687529
14980,72687670
14975,72687810
14970,72687951
14963,72688091
14963,72688232
14974,72688373
15011,72688513
14982,72688653
14975,72688794
14986,72688935
14963,72689075
14973,72689216
14963,72689357
14999,72689498
14991,72689638
14971,72689778
14968,72689920
14972,72690060
14968,72690201
14967,72690341
14971,72690482
14977,72690623
14973,72690763
14969,72690903
14975,72691045
14972,72691186
14964,72691326
14962,72691466
14976,72691607
14969,72691748
14971,72691888
14976,72692029
14969,72692169
14978,72692310
14977,72692450
14967,72692590
14964,72692732
14967,72692872
14967,72693012
14974,72693153
14975,72693295
14970,72693435
14976,72693575
14975,72693715
14975,72693857
14968,72693997
14972,72694138
14962,72694278
14967,72694420
14966,72694560
14973,72694700
14970,72694840
14963,72694982
14976,72695122
14971,72695262
14968,72695403
14960,72695544
14963,72695684
14972,72695824
14980,72695965
14968,72696106
14969,72696246
14964,72696387
14976,72696527
14965,72696668
14974,72696809
14974,72696949
14975,72697090
14970,72697231
14973,72697371
14978,72697512
14966,72697652
14974,72697793
14970,72697933
14972,72698074
14959,72698215
14972,72698356
14968,72698496
14993,72698637
14994,72698777
14975,72698918
14967,72699059
14970,72699199
14972,72699340
14975,72699481
14979,72699621
14988,72699762
14975,72699902
14969,72700043
14968,72700184
14965,72700325
14966,72700465
14982,72700606
14996,72700747
14981,72700887
14967,72701027
14973,72701168
14968,72701309
14984,72701450
14984,72701590
15012,72701731
14980,72701872
14980,72702012
14972,72702153
14967,72702294
14974,72702434
14969,72702575
14979,72702715
14993,72702856
14972,72702997
14977,72703138
14974,72703278
14967,72703419
14979,72703559
14994,72703700
14995,72703840
14975,72703981
14976,72704122
14963,72704263
14974,72704403
14964,72704544
14984,72704685
15001,72704826
14972,72704966
14985,72705107
14974,72705247
14971,72705388
14979,72705528
14970,72705669
15003,72705810
14980,72705950
14971,72706091
14959,72706232
14974,72706373
14974,72706513
14972,72706653
14974,72706794
14980,72706935
14955,72707075
14972,72707216
14968,72707357
14979,72707498
14961,72707638
14969,72707778
14961,72707919
14964,72708060
14973,72708201
14970,72708341
14964,72708482
14985,72708623
14965,72708763
14973,72708903
14967,72709045
14974,72709186
14984,72709326
14984,72709466
14972,72709607
14972,72709748
14981,72709888
14977,72710028
14976,72710169
14969,72710310
14967,72710450
14979,72710590
14973,72710732
14973,72710872
14970,72711012
14975,72711153
14972,72711294
14961,72711435
14974,72711575
14976,72711715
14967,72711857
14958,72711997
14947,72712138
14975,72712278
14964,72712419
14977,72712560
14966,72712700
14967,72712840
14972,72712982
14974,72713123
14968,72713263
14971,72713403
14969,72713545
14969,72713685
14969,72713825
14953,72713965
14947,72714107
14964,72714247
14960,72714387
14979,72714528
14985,72714669
14969,72714809
14996,72714950
14992,72715090
14974,72715231
14972,72715371
14962,72715512
14969,72715652
14970,72715793
14989,72715933
14989,72716074
14984,72716215
14978,72716356
14971,72716496
14966,72716637
14972,72716777
14984,72716918
15003,72717059
14969,72717199
14972,72717340
14968,72717481
14967,72717621
14978,72717762
14976,72717902
15000,72718043
14983,72718184
14972,72718325
14970,72718465
14974,72718606
14976,72718746
14976,72718887
15006,72719027
14987,72719168
14980,72719308
14981,72719449
14967,72719589
14973,72719730
14968,72719871
15003,72720011
14986,72720152
14975,72720293
14982,72720434
14967,72720574
14970,72720714
14974,72720855
14986,72720996
15004,72721137
14979,72721277
14973,72721418
14981,72721559
14978,72721699
14972,72721839
14975,72721980
15019,72722121
14981,72722261
14978,72722401
14966,72722542
14977,72722683
14975,72722823
14971,72722963
14982,72723105
14982,72723245
14982,72723385
14974,72723526
14976,72723667
14984,72723807
14969,72723948
14978,72724089
14964,72724230
14974,72724370
14960,72724510
14974,72724651
14960,72724792
14975,72724932
14973,72725073
14967,72725214
14978,72725355
14970,72725495
14972,72725635
14973,72725776
14967,72725917
14972,72726057
14977,72726198
14972,72726339
14969,72726480
14974,72726620
14964,72726761
14967,72726901
14967,72727042
14974,72727183
14966,72727323
14963,72727464
14977,72727605
14967,72727745
14969,72727886
14972,72728026
14974,72728167
14973,72728307
14971,72728448
14972,72728588
14963,72728729
14968,72728870
14964,72729010
14969,72729151
14974,72729292
14973,72729432
14972,72729573
14979,72729713
14968,72729854
14968,72729995
14968,72730135
14973,72730275
14972,72730416
14978,72730557
14968,72730697
14967,72730837
14971,72730978
14967,72731119
15016,72731259
14984,72731399
14975,72731540
14972,72731681
14969,72731821
14976,72731961
14966,72732103
15003,72732243
14979,72732383
14975,72732524
14976,72732665
14976,72732805
14983,72732945
14970,72733086
14987,72733228
14996,72733368
14980,72733508
14976,72733649
14968,72733790
14983,72733930
14973,72734071
14986,72734212
15000,72734353
14986,72734493
14976,72734634
14971,72734774
14981,72734915
14980,72735056
14978,72735196
15017,72735337
14985,72735478
14974,72735618
14978,72735759
14970,72735899
14971,72736040
14968,72736181
15010,72736322
14983,72736462
14974,72736603
14969,72736743
14977,72736884
14965,72737024
14962,72737165
14982,72737305
14978,72737446
14973,72737586
14972,72737727
14969,72737868
14976,72738008
14981,72738149
14989,72738290
15000,72738430
14982,72738571
14970,72738711
14973,72738852
14969,72738993
14971,72739133
14970,72739273
14989,72739414
14984,72739555
14966,72739695
14966,72739835
14972,72739977
14965,72740117
14993,72740257
14994,72740398
14985,72740539
14976,72740679
14971,72740819
14961,72740960
14964,72741101
14985,72741241
14957,72741381
14968,72741522
14962,72741663
14976,72741803
14969,72741944
14961,72742084
14958,72742226
14961,72742366
14976,72742507
15002,72742647
14959,72742788
14973,72742928
14979,72743069
14961,72743210
14969,72743351
14975,72743491
14965,72743632
14959,72743772
14973,72743913
14953,72744053
14971,72744194
14971,72744335
14975,72744476
14974,72744616
14968,72744757
14961,72744897
14977,72745038
14974,72745179
14972,72745319
14968,72745460
14958,72745601
14977,72745741
14968,72745882
14964,72746022
14986,72746163
14969,72746303
14963,72746444
14968,72746584
14976,72746725
14970,72746866
14985,72747006
14971,72747147
14970,72747288
14978,72747428
15006,72747569
14977,72747709
14975,72747850
14968,72747991
14967,72748131
14972,72748271
14978,72748412
14999,72748553
14987,72748693
14976,72748833
14973,72748975
14973,72749115
14972,72749255
14972,72749395
14997,72749537
14982,72749677
14978,72749817
14977,72749958
14979,72750099
14969,72750239
14970,72750379
14997,72750520
15002,72750661
14981,72750801
14975,72750941
14979,72751082
14975,72751224
14967,72751364
14970,72751504
15007,72751645
14979,72751786
14980,72751926
14971,72752067
14975,72752207
14980,72752348
14968,72752488
15015,72752629
14995,72752769
14975,72752910
14981,72753051
14970,72753191
14967,72753332
14971,72753473
15008,72753613
14988,72753754
14972,72753894
14980,72754035
14965,72754176
14973,72754316
14979,72754457
15013,72754598
15003,72754738
14977,72754879
14972,72755019
14967,72755160
14972,72755300
14969,72755441
14972,72755581
14957,72755722
14969,72755863
14982,72756003
14969,72756144
14966,72756285
14968,72756426
14971,72756566
14993,72756706
14972,72756847
14964,72756988
14968,72757129
14978,72757269
14972,72757410
14973,72757551
14971,72757691
14971,72757831
14973,72757973
14984,72758114
14975,72758254
14981,72758394
14970,72758535
14966,72758676
14968,72758816
14979,72758956
14969,72759098
14976,72759238
14981,72759378
14983,72759518
14972,72759660
14965,72759800
14968,72759940
14972,72760081
14975,72760223
14968,72760363
14964,72760503
14980,72760644
14979,72760785
14974,72760926
14980,72761066
14966,72761206
14975,72761348
14966,72761488
14972,72761628
14980,72761769
14970,72761910
14964,72762050
14975,72762191
14969,72762331
14961,72762473
14972,72762613
14980,72762753
14965,72762894
14965,72763035
14976,72763176
14970,72763316
14976,72763457
14981,72763598
14995,72763738
15001,72763878
14980,72764019
14982,72764160
14970,72764300
14969,72764440
14975,72764581
14988,72764722
15004,72764862
14990,72765003
14968,72765144
14971,72765285
14968,72765425
14968,72765566
14979,72765706
15021,72765847
14982,72765988
14967,72766128
14975,72766268
14965,72766409
14967,72766550
14975,72766690
15001,72766830
14982,72766971
14980,72767113
14973,72767253
14973,72767393
14984,72767534
14969,72767675
14972,72767815
15000,72767955
14973,72768096
14970,72768237
14965,72768377
14976,72768517
14976,72768659
14973,72768799
15001,72768939
14974,72769080
14981,72769222
14963,72769362
14976,72769502
14976,72769643
14973,72769784
14986,72769924
14964,72770065
14976,72770205
14968,72770346
14976,72770486
14973,72770627
14969,72770767
15000,72770908
14990,72771049
14948,72771189
14976,72771330
14956,72771471
14975,72771611
14968,72771752
14965,72771892
14968,72772033
14977,72772174
14951,72772314
14971,72772455
14978,72772596
14976,72772736
14946,72772877
14966,72773017
14962,72773159
14997,72773299
15001,72773439
14975,72773580
14965,72773721
14975,72773861
14970,72774002
14968,72774142
14982,72774283
14959,72774423
14967,72774564
14982,72774704
14979,72774845
14978,72774986
14970,72775127
14973,72775267
14973,72775408
14960,72775549
14970,72775690
14967,72775830
14967,72775971
14968,72776112
14970,72776252
14963,72776393
14969,72776534
14969,72776674
14974,72776815
14966,72776955
14979,72777096
14966,72777237
14975,72777377
14979,72777517
14972,72777658
14963,72777799
14963,72777939
14978,72778079
14976,72778221
14972,72778362
14965,72778502
14971,72778642
14969,72778783
14972,72778924
14974,72779064
14971,72779205
14978,72779346
14974,72779487
14970,72779627
14972,72779767
14966,72779908
14993,72780049
14987,72780190
14970,72780330
14968,72780471
14966,72780612
14969,72780752
14972,72780892
14983,72781034
15009,72781174
14979,72781314
14977,72781454
14971,72781596
14965,72781736
14965,72781876
14985,72782017
14996,72782158
14984,72782298
14982,72782438
14970,72782579
14976,72782720
14974,72782860
14973,72783001
15000,72783141
14988,72783283
14971,72783423
14967,72783563
14969,72783704
14976,72783845
14974,72783985
14985,72784126
14991,72784266
14975,72784408
14985,72784548
14976,72784688
14976,72784829
14969,72784970
14987,72785111
15004,72785251
14974,72785392
14970,72785533
14971,72785673
14975,72785813
14966,72785954
14978,72786095
15007,72786235
14987,72786376
14972,72786516
14988,72786657
14974,72786797
14974,72786938
14981,72787078
15002,72787219
14993,72787359
14976,72787500
14973,72787640
14964,72787781
14964,72787922
14968,72788062
14984,72788203
14966,72788344
14962,72788485
14979,72788625
14969,72788765
14984,72788906
14969,72789047
14982,72789188
14977,72789328
14964,72789469
14976,72789610
14972,72789750
14976,72789890
14969,72790032
14969,72790172
14969,72790313
14966,72790453
14982,72790594
14974,72790735
14976,72790875
14974,72791016
14969,72791156
14972,72791297
14966,72791437
14973,72791577
14971,72791719
14978,72791859
14971,72791999
14968,72792140
14964,72792281
14967,72792421
14969,72792561
14970,72792702
14971,72792843
14973,72792983
14974,72793123
14965,72793264
14986,72793405
14969,72793545
14971,72793686
14969,72793826
14964,72793967
14969,72794107
14982,72794248
14978,72794388
14966,72794529
14995,72794670
14974,72794810
14970,72794950
14973,72795091
14978,72795232
14965,72795372
14966,72795512
14973,72795653
14968,72795794
14975,72795934
14973,72796075
14964,72796216
14996,72796356
14978,72796496
14980,72796637
14974,72796778
14980,72796918
14959,72797058
14970,72797199
15003,72797341
15011,72797481
14979,72797621
14968,72797761
14963,72797903
14981,72798043
14961,72798183
14983,72798324
15003,72798465
14971,72798605
14973,72798745
14974,72798886
14967,72799027
14959,72799168
14984,72799308
14990,72799449
14976,72799590
14968,72799730
14969,72799870
14950,72800011
14960,72800152
14973,72800292
15042,72800432
14984,72800573
14968,72800714
14981,72800854
14958,72800995
14974,72801135
14980,72801276
14993,72801416
14991,72801557
14992,72801697
14973,72801838
14967,72801978
14976,72802119
14970,72802260
15008,72802401
14985,72802541
14982,72802682
14986,72802822
14957,72802963
14968,72803104
14968,72803245
14953,72803385
15020,72803526
14958,72803666
14978,72803807
14973,72803947
14975,72804088
14983,72804229
14977,72804369
14968,72804509
14980,72804650
14969,72804791
14980,72804931
14971,72805071
14977,72805212
14975,72805353
14981,72805493
14974,72805633
14969,72805775
14974,72805915
14975,72806055
14972,72806196
14973,72806337
14966,72806478
14973,72806618
14976,72806758
14976,72806900
14974,72807040
14975,72807181
14970,72807321
14962,72807462
14960,72807603
14971,72807743
14973,72807883
14968,72808025
14985,72808165
14963,72808305
14975,72808446
14967,72808587
14962,72808727
14964,72808867
14974,72809008
14972,72809149
14982,72809289
14967,72809430
14975,72809570
14966,72809711
14973,72809851
14974,72809992
14970,72810132
14986,72810273
14979,72810413
14977,72810554
14970,72810694
14969,72810835
14974,72810976
14974,72811117
14969,72811258
14973,72811399
14967,72811539
14975,72811679
14968,72811820
14967,72811961
14969,72812101
14969,72812242
14963,72812382
14971,72812523
15008,72812663
14980,72812804
14976,72812944
14980,72813086
14960,72813226
14968,72813367
14968,72813507
15010,72813648
14983,72813788
14979,72813929
14969,72814069
14971,72814210
14978,72814350
14967,72814491
14990,72814631
15001,72814772
14977,72814913
14974,72815053
14974,72815194
14967,72815335
14976,72815476
14980,72815616
15006,72815756
14985,72815897
14963,72816038
14974,72816179
14968,72816319
14970,72816460
14983,72816601
15004,72816741
14982,72816881
14973,72817023
14977,72817163
14966,72817304
14973,72817444
14978,72817585
14999,72817726
14983,72817866
14974,72818006
14981,72818147
14971,72818288
14968,72818428
14973,72818568
14991,72818710
14991,72818850
14976,72818990
14971,72819130
14963,72819272
14975,72819412
14972,72819552
14971,72819693
14998,72819834
14977,72819974
14970,72820114
14965,72820255
14973,72820396
14967,72820536
14971,72820676
14976,72820817
14981,72820958
14971,72821098
14970,72821239
14966,72821379
14966,72821520
14963,72821660
14963,72821801
14975,72821941
14967,72822082
14980,72822223
14969,72822364
14980,72822504
14964,72822645
14969,72822785
14975,72822926
14968,72823066
14972,72823207
14973,72823348
14972,72823488
14962,72823628
14974,72823769
14962,72823910
14971,72824050
14966,72824191
14968,72824332
14967,72824473
14961,72824613
14967,72824753
14961,72824895
14973,72825035
14975,72825176
14972,72825316
14984,72825457
14971,72825598
14968,72825738
14972,72825878
14960,72826020
14973,72826161
14963,72826301
14972,72826441
14972,72826582
14961,72826723
14966,72826863
14969,72827004
14981,72827145
14972,72827286
14975,72827426
14967,72827566
14974,72827707
14971,72827848
14971,72827988
14970,72828129
14960,72828270
14967,72828411
14970,72828551
14968,72828692
14976,72828833
15000,72828974
14965,72829114
14977,72829254
14978,72829395
14987,72829536
14979,72829676
14974,72829816
15027,72829958
14956,72830099
14986,72830239
14979,72830379
14939,72830520
14979,72830661
14980,72830801
15004,72830942
14989,72831083
14980,72831224
14967,72831364
14989,72831504
14968,72831646
14937,72831786
14979,72831927
14994,72832067
14984,72832209
14990,72832350
14960,72832490
14982,72832630
14945,72832771
14993,72832912
14995,72833052
14977,72833193
14964,72833334
14976,72833475
14979,72833615
14979,72833755
14977,72833896
15004,72834037
14973,72834178
14967,72834318
14962,72834459
14970,72834600
14974,72834740
14954,72834880
15009,72835022
14992,72835162
14979,72835302
14968,72835442
14968,72835584
14975,72835724
14977,72835864
14989,72836005
14989,72836146
14974,72836286
14980,72836426
14973,72836567
14973,72836708
14969,72836848
14961,72836988
14977,72837129
14980,72837270
14979,72837410
14970,72837551
14976,72837691
14967,72837832
14979,72837972
14965,72838113
14963,72838254
14968,72838395
14966,72838535
14963,72838676
14983,72838816
14976,72838957
14973,72839098
14980,72839238
14977,72839379
14977,72839520
14970,72839660
14977,72839801
14972,72839941
14961,72840083
14979,72840223
14969,72840364
14968,72840504
14977,72840645
14965,72840785
14968,72840926
14965,72841066
14971,72841207
14958,72841347
14974,72841488
14971,72841628
14974,72841769
14977,72841909
14970,72842050
14968,72842191
14965,72842332
14986,72842472
14973,72842613
14971,72842753
14967,72842894
14962,72843035
14957,72843176
14976,72843316
14967,72843457
14968,72843598
14973,72843738
14971,72843878
14972,72844019
14966,72844160
14986,72844301
14967,72844441
14974,72844582
14979,72844723
14964,72844863
14977,72845003
14981,72845144
14994,72845285
14977,72845425
14973,72845565
14974,72845707
14968,72845847
14971,72845987
14983,72846127
14987,72846269
14980,72846409
14977,72846549
14975,72846690
14970,72846831
14975,72846971
14970,72847111
15000,72847252
14988,72847393
14980,72847533
14972,72847674
14973,72847814
14978,72847955
14973,72848095
14999,72848236
14993,72848376
14969,72848517
14971,72848657
14962,72848798
14973,72848938
14966,72849079
14992,72849220
14992,72849361
14980,72849501
14984,72849642
14966,72849782
14967,72849923
14971,72850063
14979,72850204
15003,72850345
14986,72850485
14976,72850625
14985,72850766
14976,72850907
14962,72851047
14969,72851187
14999,72851328
14975,72851469
14976,72851609
14966,72851749
14974,72851891
14967,72852031
14972,72852171
15008,72852312
14983,72852453
14976,72852593
14960,72852733
14964,72852874
14967,72853015
14974,72853156
14972,72853296
14970,72853437
14972,72853578
14968,72853718
14967,72853858
14969,72853999
14968,72854140
14980,72854280
14964,72854420
14975,72854561
14974,72854702
14966,72854842
14969,72854983
14969,72855123
14967,72855264
14973,72855404
14962,72855545
14965,72855685
14968,72855826
14973,72855967
14967,72856107
14971,72856247
14963,72856388
14983,72856529
14960,72856669
14964,72856809
14972,72856951
14969,72857091
14953,72857231
14964,72857371
14954,72857513
14963,72857653
14990,72857793
14975,72857933
14969,72858075
14973,72858215
14967,72858355
14969,72858496
14981,72858637
14964,72858777
14965,72858917
14970,72859058
14981,72859199
14987,72859339
14974,72859480
14960,72859620
14974,72859761
14971,72859901
14973,72860042
14948,72860183
14985,72860324
14988,72860464
14969,72860605
14976,72860745
14980,72860886
14967,72861027
14958,72861167
14975,72861308
14992,72861449
14984,72861589
14982,72861730
14979,72861870
14978,72862011
14990,72862152
14968,72862292
14979,72862433
14999,72862574
14976,72862714
14969,72862855
14968,72862995
14968,72863137
14966,72863277
14962,72863417
15011,72863558
14986,72863699
14979,72863839
14961,72863980
14976,72864120
14963,72864261
14972,72864401
14990,72864542
14982,72864682
14969,72864823
14972,72864964
14959,72865105
14966,72865245
14975,72865386
14998,72865526
14986,72865667
14978,72865807
14985,72865948
14972,72866088
14964,72866229
14971,72866369
14977,72866510
14994,72866651
14970,72866791
14973,72866931
14957,72867073
14963,72867213
14957,72867354
14976,72867494
15001,72867635
14967,72867776
14974,72867916
14961,72868056
14968,72868197
14972,72868338
14968,72868478
15006,72868618
14986,72868760
14971,72868900
14956,72869040
14958,72869181
14962,72869322
14974,72869463
14974,72869603
14970,72869743
14965,72869885
14971,72870025
14964,72870166
14958,72870306
14962,72870448
14970,72870588
14976,72870728
14967,72870869
14974,72871010
14969,72871151
14958,72871291
14962,72871431
14966,72871573
14980,72871713
14968,72871853
14973,72871994
14972,72872136
14966,72872277
14958,72872417
14971,72872557
14968,72872699
14973,72872839
14972,72872979
14967,72873119
14966,72873261
14972,72873401
14971,72873541
14961,72873682
14971,72873823
14972,72873963
14975,72874103
14960,72874244
14963,72874385
14971,72874525
14962,72874665
14966,72874806
14977,72874947
14969,72875087
14974,72875228
14973,72875368
14969,72875509
14968,72875649
14970,72875790
14970,72875930
14970,72876071
14979,72876212
14965,72876352
14970,72876492
14971,72876633
14982,72876774
14964,72876915
14974,72877055
14975,72877196
14972,72877337
14967,72877477
14975,72877617
15010,72877758
14978,72877899
14981,72878039
14969,72878179
14961,72878321
14976,72878461
14969,72878601
14994,72878741
14991,72878883
14977,72879023
14976,72879163
14976,72879304
14972,72879445
14969,72879585
14980,72879725
15000,72879866
14979,72880007
14962,72880148
14968,72880288
14968,72880429
14989,72880570
14982,72880710
14996,72880851
14985,72880991
14978,72881132
14976,72881273
14973,72881413
14973,72881554
14970,72881695
15011,72881835
14978,72881976
14978,72882116
14975,72882258
14962,72882398
14967,72882538
14973,72882679
14999,72882820
14986,72882960
14974,72883101
14973,72883241
14965,72883382
14973,72883522
14960,72883663
14991,72883803
14983,72883944
14971,72884084
14964,72884225
14968,72884365
14979,72884506
14969,72884647
14976,72884787
14996,72884927
14993,72885069
14978,72885209
14972,72885350
14967,72885490
14969,72885631
14974,72885772
14970,72885912
14973,72886052
14977,72886193
14955,72886334
14967,72886474
14975,72886614
14963,72886756
14958,72886896
14966,72887036
14976,72887177
14972,72887319
14965,72887459
14977,72887599
14959,72887739
14959,72887881
14968,72888021
14972,72888162
14971,72888302
14971,72888444
14973,72888584
14970,72888724
14957,72888865
14971,72889006
14969,72889147
14958,72889287
14973,72889427
14972,72889569
14983,72889709
14957,72889849
14971,72889990
14968,72890131
14973,72890271
14969,72890411
14969,72890552
14977,72890693
14966,72890833
14958,72890973
14966,72891114
14968,72891255
14984,72891395
14967,72891536
14972,72891676
14958,72891817
14968,72891957
14964,72892098
14963,72892239
14968,72892380
14977,72892520
14985,72892661
14956,72892801
14950,72892942
14986,72893083
14966,72893224
14959,72893364
14982,72893505
14984,72893645
14973,72893786
14983,72893926
15005,72894067
14981,72894208
14973,72894349
14958,72894489
14949,72894630
14966,72894770
14974,72894911
14996,72895051
14987,72895193
14972,72895333
14968,72895474
14980,72895614
14972,72895755
14970,72895895
14997,72896036
15002,72896177
14982,72896318
14965,72896458
14975,72896599
14974,72896739
14978,72896880
14984,72897021
15002,72897161
14977,72897302
14973,72897443
14975,72897583
14976,72897724
14970,72897864
14966,72898005
14998,72898146
14976,72898287
14973,72898427
14966,72898568
14977,72898708
14971,72898849
14968,72898989
15006,72899130
14972,72899270
14970,72899411
14971,72899551
14968,72899692
14969,72899833
14980,72899973
15001,72900114
14992,72900255
14975,72900396
14961,72900536
14968,72900676
14970,72900818
14983,72900958
14985,72901098
14995,72901238
14961,72901380
14975,72901520
14967,72901660
14968,72901801
14975,72901942
14972,72902083
14958,72902223
14970,72902363
14974,72902505
14973,72902645
14966,72902785
14970,72902926
14979,72903067
14975,72903208
14976,72903348
14986,72903488
14970,72903630
14971,72903770
14971,72903910
14961,72904051
14963,72904192
14973,72904332
14977,72904472
14967,72904613
14965,72904754
14967,72904894
14971,72905035
14986,72905176
14966,72905317
14966,72905457
14964,72905597
14974,72905738
14980,72905879
14973,72906019
14970,72906160
14974,72906301
14972,72906442
14963,72906582
14979,72906722
14975,72906863
14973,72907004
14971,72907145
14973,72907285
14974,72907426
14969,72907567
14969,72907707
14968,72907847
14974,72907988
14962,72908129
14961,72908269
14970,72908410
14978,72908550
14979,72908691
14969,72908832
14977,72908972
14966,72909113
14981,72909254
14968,72909394
14968,72909535
14969,72909675
14973,72909816
14973,72909957
14975,72910098
14982,72910238
15004,72910379
14989,72910519
14973,72910660
14967,72910800
14960,72910941
14970,72911082
14974,72911223
15007,72911363
14995,72911504
14970,72911644
14972,72911785
14975,72911926
14980,72912067
14964,72912208
15007,72912348
14981,72912489
14977,72912630
14974,72912770
14974,72912911
14972,72913051
14952,72913192
14992,72913332
14987,72913473
14979,72913613
14974,72913754
14975,72913894
14972,72914035
14965,72914176
14987,72914317
15000,72914458
14974,72914598
14976,72914739
14972,72914880
14968,72915020
14972,72915161
14984,72915302
15011,72915443
14983,72915583
14964,72915723
14978,72915864
14971,72916005
14972,72916146
14972,72916286
15002,72916426
14991,72916568
14973,72916708
14975,72916848
14972,72916989
14973,72917130
14962,72917270
15001,72917410
14991,72917551
14990,72917692
14976,72917832
14988,72917973
14968,72918114
14972,72918255
14963,72918395
14957,72918535
14970,72918676
14978,72918817
14965,72918957
14971,72919098
14973,72919239
14976,72919380
14972,72919520
14965,72919661
14978,72919801
14959,72919942
14973,72920083
14970,72920223
14950,72920364
14989,72920505
14976,72920645
14978,72920786
14986,72920927
14986,72921068
14968,72921209
14976,72921349
14956,72921490
14969,72921631
14975,72921771
14990,72921911
14974,72922052
14971,72922193
14959,72922333
14941,72922474
14966,72922614
14969,72922755
14978,72922895
14969,72923036
14980,72923177
14972,72923318
14971,72923458
14964,72923599
14979,72923739
14969,72923880
14966,72924021
14986,72924162
14970,72924302
14974,72924443
14968,72924584
14979,72924724
14965,72924864
14969,72925006
14960,72925146
14971,72925287
14970,72925427
14971,72925568
14965,72925709
14976,72925849
14970,72925989
14974,72926131
14975,72926272
14970,72926412
14973,72926553
14995,72926694
14985,72926834
14969,72926975
14973,72927115
14965,72927256
14972,72927396
14975,72927537
15005,72927677
14974,72927818
14970,72927959
14976,72928099
14977,72928239
14976,72928380
14970,72928521
15001,72928661
14976,72928801
14983,72928943
14977,72929083
14967,72929223
14971,72929363
14970,72929504
15004,72929645
14979,72929785
14971,72929925
14977,72930067
14973,72930207
14972,72930347
14971,72930488
14997,72930629
14997,72930769
14983,72930909
14982,72931050
14965,72931191
14973,72931331
14968,72931472
14975,72931612
15002,72931753
14977,72931893
14973,72932034
14971,72932175
14980,72932316
14974,72932456
14968,72932597
15003,72932737
14985,72932878
14981,72933019
14973,72933159
14972,72933300
14962,72933441
14970,72933581
14997,72933722
14983,72933862
14959,72934003
14981,72934144
14973,72934284
14962,72934425
14976,72934566
14963,72934706
14973,72934847
14973,72934987
14972,72935128
14981,72935268
14973,72935409
14984,72935549
14974,72935690
14968,72935831
14971,72935971
14972,72936111
14968,72936252
14970,72936393
14968,72936533
14960,72936673
14971,72936814
14974,72936955
14971,72937095
14975,72937235
14971,72937376
14974,72937517
14971,72937658
14968,72937798
14978,72937939
14981,72938080
14976,72938221
14980,72938361
14967,72938502
14964,72938643
14967,72938783
14969,72938923
14977,72939065
14965,72939205
14971,72939346
14966,72939486
14977,72939627
14971,72939768
14970,72939908
14972,72940048
14972,72940189
14987,72940330
14972,72940470
14977,72940610
14979,72940751
14969,72940892
14966,72941032
14969,72941173
14971,72941314
14968,72941455
14971,72941595
14974,72941735
14970,72941877
14966,72942017
14969,72942158
14971,72942298
14967,72942439
14972,72942580
14974,72942720
14997,72942861
14994,72943002
14975,72943143
14972,72943284
14979,72943424
14961,72943565
14972,72943706
14982,72943846
15000,72943986
14994,72944127
14970,72944267
14960,72944408
14964,72944548
14976,72944689
14975,72944830
15001,72944970
14982,72945110
14973,72945251
14969,72945392
14959,72945532
14969,72945672
14964,72945814
15002,72945954
14987,72946094
14976,72946235
14972,72946376
14978,72946516
14972,72946656
14971,72946797
14993,72946938
14978,72947078
14972,72947219
14969,72947360
14968,72947501
14991,72947641
14973,72947782
14988,72947922
14996,72948063
14981,72948204
14975,72948344
14972,72948485
14987,72948626
14975,72948766
14977,72948907
15002,72949047
14968,72949189
14969,72949329
14975,72949470
14976,72949610
14981,72949751
14994,72949891
15002,72950032
14969,72950173
14979,72950314
14968,72950454
14959,72950595
14982,72950735
14973,72950876
14961,72951017
14969,72951157
14956,72951298
14945,72951439
14959,72951579
14957,72951720
14969,72951860
14968,72952001
14972,72952142
14941,72952283
14975,72952423
14958,72952564
14965,72952705
14968,72952845
14972,72952985
14974,72953126
14969,72953267
14963,72953407
14978,72953547
14974,72953688
14962,72953829
14974,72953969
14970,72954109
14971,72954250
14968,72954391
14963,72954531
14963,72954671
14966,72954813
14966,72954953
14972,72955093
14973,72955234
14972,72955375
14972,72955515
14969,72955655
14970,72955796
14972,72955937
14969,72956077
14974,72956218
14965,72956359
14968,72956500
14974,72956640
14964,72956780
14977,72956921
14967,72957062
14968,72957203
14963,72957343
14973,72957484
14969,72957625
14967,72957765
14971,72957905
14970,72958046
14964,72958187
14959,72958328
14964,72958468
14972,72958609
14959,72958750
14972,72958890
14960,72959031
14997,72959171
14986,72959313
14969,72959453
14967,72959593
14976,72959734
14974,72959875
14975,72960015
14985,72960156
14999,72960297
14973,72960438
14971,72960578
14974,72960718
14975,72960859
14983,72961000
14985,72961141
14979,72961281
14991,72961422
14967,72961563
14960,72961703
14981,72961843
14979,72961984
14984,72962125
15006,72962265
14973,72962406
14982,72962546
14975,72962687
14969,72962827
14977,72962968
14976,72963108
15009,72963249
14987,72963389
14974,72963530
14972,72963670
14967,72963811
14979,72963952
14972,72964092
15000,72964232
14994,72964373
14978,72964514
14975,72964654
14971,72964794
14974,72964936
14966,72965076
14983,72965217
14991,72965357
14976,72965498
14975,72965639
14961,72965779
14969,72965919
14973,72966061
14976,72966202
15002,72966342
14972,72966482
14978,72966624
14979,72966764
14973,72966904
14978,72967045
14976,72967186
14977,72967326
14973,72967466
14970,72967607
14971,72967748
14972,72967888
14968,72968029
14981,72968169
14963,72968311
14976,72968451
14973,72968591
14963,72968732
14980,72968873
14969,72969013
14959,72969153
14968,72969294
14968,72969435
14966,72969575
14974,72969716
14962,72969856
14979,72969997
14969,72970138
14970,72970278
14966,72970419
14967,72970560
14962,72970700
14976,72970841
14968,72970981
14974,72971122
14967,72971262
14965,72971403
14974,72971543
14966,72971684
14985,72971824
14963,72971965
14972,72972105
14973,72972246
14968,72972386
14967,72972527
14971,72972667
14971,72972808
14975,72972949
14968,72973089
14972,72973229
14968,72973370
14975,72973511
14966,72973651
14973,72973791
14960,72973933
14974,72974073
14962,72974214
14966,72974354
14972,72974495
14968,72974636
14959,72974776
14965,72974916
14965,72975058
14966,72975199
14979,72975339
15004,72975479
14977,72975620
14978,72975761
14982,72975901
14973,72976042
14968,72976183
14955,72976324
14986,72976464
14984,72976604
14987,72976745
14972,72976886
14978,72977026
14976,72977167
14951,72977308
14993,72977449
14995,72977589
14961,72977729
14965,72977870
14964,72978011
14959,72978152
14966,72978292
14983,72978433
14993,72978574
14969,72978714
14978,72978854
14976,72978996
14963,72979137
14956,72979277
14977,72979417
15007,72979558
14974,72979699
14980,72979839
14967,72979979
14986,72980120
14973,72980261
14969,72980401
15011,72980541
14993,72980683
14979,72980823
14980,72980963
14966,72981104
14971,72981245
14973,72981386
15001,72981526
14980,72981666
14990,72981808
14986,72981948
14966,72982088
14951,72982229
14978,72982370
14984,72982510
15001,72982650
14975,72982791
14973,72982932
14969,72983072
15006,72983213
14989,72983354
14978,72983495
14958,72983635
14978,72983775
14984,72983916
14981,72984057
14966,72984198
14959,72984338
14979,72984479
14971,72984620
14971,72984760
14979,72984900
14986,72985041
14969,72985182
14973,72985322
14966,72985463
14987,72985603
14973,72985744
14970,72985884
14970,72986025
14980,72986166
14970,72986307
14974,72986447
14975,72986588
14961,72986728
14971,72986869
14975,72987010
14975,72987150
14973,72987291
14969,72987432
14976,72987572
14966,72987713
14968,72987853
14976,72987994
14963,72988134
14966,72988275
14974,72988415
14974,72988556
14967,72988697
14976,72988837
14968,72988977
14972,72989118
14979,72989259
14975,72989399
14969,72989539
14969,72989681
14965,72989821
14969,72989961
14960,72990101
14973,72990243
14969,72990383
14972,72990523
14973,72990664
14964,72990805
14973,72990946
14979,72991086
14973,72991226
14971,72991367
14970,72991508
14983,72991648
15001,72991788
14980,72991930
14967,72992070
14973,72992210
14976,72992351
14962,72992492
14974,72992632
15006,72992772
14982,72992913
14980,72993054
14970,72993195
14978,72993335
14977,72993476
14977,72993617
15003,72993757
14977,72993897
14981,72994038
14970,72994179
14974,72994319
14969,72994460
14969,72994600
14993,72994741
14992,72994881
14970,72995022
14973,72995162
14972,72995303
14969,72995444
14967,72995584
14960,72995724
14999,72995865
14978,72996006
14980,72996147
14971,72996287
14960,72996428
14972,72996569
14975,72996709
15016,72996849
14991,72996990
14973,72997131
14976,72997272
14975,72997412
14962,72997553
14989,72997694
15014,72997834
14982,72997974
14976,72998115
14974,72998256
14972,72998396
14960,72998536
14975,72998678
14994,72998818
15002,72998958
14983,72999099
14973,72999240
14975,72999381
14969,72999521
14966,72999661
14966,72999803
14975,72999943
14965,73000083
14959,73000223
14971,73000365
14969,73000505
14970,73000645
14968,73000786
14974,73000927
14963,73001067
14975,73001208
14977,73001349
14968,73001490
14967,73001630
14972,73001770
14962,73001911
14966,73002052
14971,73002193
14967,73002333
14967,73002474
14963,73002615
14972,73002755
14965,73002895
14968,73003036
14972,73003178
14967,73003318
14978,73003458
14978,73003599
14956,73003740
14973,73003880
14964,73004021
14970,73004162
14977,73004303
14972,73004443
14959,73004583
14961,73004724
14976,73004865
14974,73005005
14962,73005146
14977,73005287
14965,73005428
14970,73005568
14976,73005708
14979,73005849
14968,73005990
14961,73006131
14973,73006271
14971,73006412
14984,73006553
14971,73006693
14978,73006833
14970,73006974
14967,73007115
14975,73007255
14963,73007396
14970,73007536
14982,73007677
14970,73007817
14991,73007958
15008,73008098
14971,73008239
14963,73008379
14965,73008520
14970,73008660
14966,73008801
14975,73008942
14992,73009082
14987,73009222
14975,73009363
14973,73009504
14958,73009644
14944,73009784
14961,73009926
15009,73010066
14989,73010207
14967,73010347
14947,73010488
14969,73010629
14992,73010769
14934,73010909
14997,73011051
14978,73011191
14985,73011331
14957,73011472
14995,73011613
14971,73011753
14976,73011893
14966,73012034
15002,73012175
15028,73012315
14967,73012456
14975,73012596
14964,73012737
14973,73012878
14987,73013019
15007,73013159
14967,73013300
14983,73013440
14970,73013581
14993,73013721
14975,73013862
14980,73014003
15002,73014143
14985,73014284
14979,73014425
14984,73014565
14970,73014706
14962,73014846
14975,73014987
15000,73015127
14985,73015268
14971,73015408
14973,73015549
14972,73015690
14977,73015830
14973,73015970
14977,73016111
14972,73016252
14978,73016392
14972,73016532
14959,73016673
14971,73016814
14978,73016954
14975,73017094
14971,73017236
14976,73017376
14975,73017516
14983,73017657
14979,73017798
14964,73017938
14964,73018079
14976,73018219
14967,73018360
14972,73018501
14972,73018641
14968,73018782
14967,73018923
14964,73019063
14969,73019203
14966,73019344
14970,73019485
14970,73019625
14973,73019765
14968,73019906
14962,73020047
14968,73020188
14972,73020328
14979,73020469
14965,73020610
14979,73020750
14974,73020891
14977,73021031
14968,73021172
14971,73021312
14977,73021453
14964,73021593
14986,73021734
14974,73021875
14979,73022015
14973,73022156
14970,73022297
14971,73022437
14966,73022578
14982,73022718
14973,73022859
14974,73023000
14970,73023141
14966,73023281
14964,73023422
14976,73023563
14970,73023703
14977,73023843
14973,73023984
14975,73024125
14996,73024266
14992,73024406
14993,73024547
14981,73024687
14972,73024828
14979,73024968
14970,73025109
14981,73025250
15008,73025390
14974,73025530
14965,73025671
14974,73025812
14967,73025952
14970,73026093
14982,73026234
15002,73026375
14977,73026515
14971,73026655
14975,73026797
14955,73026937
14977,73027078
14978,73027218
15010,73027360
14983,73027500
14975,73027640
14974,73027780
14974,73027922
14968,73028062
14969,73028202
15001,73028343
14982,73028484
14980,73028624
14972,73028764
14967,73028905
14986,73029046
14963,73029187
14989,73029327
14993,73029468
14972,73029609
14968,73029749
14981,73029889
14980,73030030
14976,73030171
14982,73030311
15002,73030451
14991,73030592
14982,73030733
14972,73030873
14967,73031014
14967,73031155
14979,73031296
15001,73031436
14980,73031577
14977,73031717
14985,73031858
14964,73031998
14974,73032139
14970,73032280
14968,73032421
14975,73032561
14970,73032702
14972,73032842
14969,73032983
14982,73033124
14974,73033265
14969,73033405
14972,73033546
14962,73033686
14973,73033827
14979,73033967
14974,73034108
14968,73034248
14973,73034389
14983,73034529
14982,73034670
14976,73034811
14962,73034951
14972,73035092
14975,73035233
14971,73035374
14971,73035514
14981,73035654
14973,73035796
14969,73035936
14972,73036076
14976,73036217
14967,73036358
14976,73036499
14979,73036639
14974,73036779
14972,73036920
14962,73037061
14967,73037202
14967,73037342
14952,73037483
14963,73037624
14970,73037764
14982,73037904
14972,73038046
14973,73038187
14979,73038327
14966,73038467
14973,73038608
14976,73038749
14975,73038889
14981,73039030
14972,73039171
14989,73039311
14988,73039451
14958,73039591
14971,73039733
14970,73039873
14968,73040014
14971,73040154
14966,73040296
15004,73040436
15013,73040576
14982,73040717
14968,73040858
14969,73040998
14963,73041139
14948,73041279
14967,73041421
14993,73041561
14994,73041701
14965,73041842
14974,73041983
15002,73042123
14960,73042263
14960,73042404
14994,73042545
14989,73042685
14989,73042825
14970,73042966
14979,73043107
14976,73043247
14971,73043388
14953,73043529
15003,73043670
15006,73043810
14961,73043951
14955,73044091
14967,73044232
14973,73044372
14974,73044513
15017,73044653
14985,73044794
14975,73044935
14958,73045075
14976,73045216
14966,73045357
14968,73045497
14991,73045638
14984,73045778
14974,73045919
14971,73046060
14973,73046200
14984,73046341
14961,73046482
14992,73046622
14998,73046763
14978,73046903
14978,73047044
14963,73047185
14974,73047325
14978,73047466
14985,73047607
15003,73047747
14977,73047888
14969,73048028
14975,73048169
14975,73048309
14978,73048450
14977,73048590
14966,73048731
14979,73048872
14970,73049012
14959,73049153
14980,73049294
14983,73049435
14982,73049575
14958,73049715
14967,73049856
14966,73049997
14968,73050137
14976,73050277
14967,73050418
14971,73050559
14973,73050699
14978,73050839
14959,73050981
14968,73051121
14971,73051261
14975,73051402
14971,73051543
14969,73051683
14966,73051823
14978,73051964
14973,73052105
14967,73052245
14973,73052385
14969,73052526
14963,73052667
14970,73052807
14960,73052948
14978,73053088
14980,73053229
14970,73053369
14973,73053510
14970,73053650
14960,73053791
14978,73053932
14964,73054072
14971,73054213
14963,73054354
14970,73054494
14970,73054635
14970,73054775
14979,73054916
14972,73055057
14973,73055198
14968,73055338
14973,73055479
14972,73055619
14973,73055760
14969,73055900
14969,73056041
14987,73056182
14968,73056323
14977,73056463
14975,73056604
14977,73056744
15003,73056885
14982,73057025
14974,73057166
14973,73057307
14979,73057447
14970,73057587
14972,73057728
15000,73057869
14979,73058009
14981,73058150
14974,73058291
14976,73058432
14973,73058572
14975,73058712
14994,73058853
14985,73058994
14976,73059134
14979,73059274
14973,73059416
14963,73059556
14969,73059696
14994,73059836
15002,73059978
14971,73060119
14979,73060259
14973,73060399
14971,73060541
14975,73060681
14977,73060821
15002,73060961
14983,73061103
14978,73061243
14966,73061383
14976,73061524
14971,73061665
14973,73061805
15000,73061946
14986,73062086
14981,73062227
14963,73062367
14978,73062508
14972,73062648
14973,73062789
15001,73062929
14994,73063070
14982,73063211
14980,73063352
14963,73063492
14970,73063633
14977,73063773
14982,73063914
15004,73064055
14982,73064196
14975,73064336
14966,73064477
14971,73064617
14968,73064758
14976,73064898
14969,73065039
14976,73065180
14969,73065321
14980,73065461
14971,73065602
14976,73065743
14974,73065883
14979,73066023
14968,73066164
14967,73066305
14970,73066445
14971,73066585
14984,73066726
14969,73066867
14970,73067007
14969,73067148
14975,73067289
14961,73067430
14972,73067570
14966,73067710
14955,73067851
14965,73067992
14971,73068132
14974,73068272
14984,73068414
14977,73068554
14966,73068694
14970,73068835
14975,73068976
14976,73069116
14969,73069256
14976,73069397
14982,73069538
14976,73069678
14964,73069819
14982,73069959
14973,73070100
14975,73070240
14975,73070381
14984,73070521
14958,73070662
14950,73070802
14979,73070943
14968,73071084
14988,73071225
14983,73071365
14970,73071506
14968,73071646
14972,73071787
14977,73071928
14982,73072068
14974,73072209
14957,73072350
14983,73072490
14968,73072631
14960,73072771
14959,73072912
14960,73073053
14994,73073194
14990,73073334
14984,73073475
14990,73073615
14964,73073756
14987,73073896
14972,73074037
14999,73074178
14980,73074319
14978,73074459
14970,73074600
14974,73074740
14972,73074881
14975,73075021
14998,73075162
14990,73075302
14978,73075443
14975,73075583
14970,73075724
14966,73075865
14968,73076005
14991,73076145
14998,73076286
14973,73076427
14968,73076567
14973,73076707
14976,73076848
14977,73076989
14982,73077130
15006,73077270
14978,73077411
14978,73077552
14973,73077692
14974,73077832
14967,73077974
14979,73078114
15000,73078254
14983,73078394
14973,73078536
14965,73078676
14972,73078816
14967,73078957
14973,73079098
14996,73079238
14985,73079378
14979,73079519
14964,73079660
14974,73079800
14972,73079941
14966,73080082
14988,73080223
14983,73080363
14974,73080503
14981,73080644
14971,73080785
14974,73080926
14972,73081067
14976,73081207
14967,73081349
14972,73081489
14973,73081629
14977,73081770
14972,73081911
14967,73082051
14977,73082192
14973,73082333
14969,73082474
14978,73082614
14974,73082754
14967,73082895
14985,73083036
14965,73083177
14980,73083317
14967,73083458
14970,73083599
14974,73083739
14960,73083879
14968,73084020
14971,73084161
14966,73084301
14972,73084442
14970,73084582
14969,73084723
14970,73084863
14974,73085004
14972,73085145
14972,73085286
14966,73085426
14975,73085567
14973,73085707
14972,73085848
14963,73085988
14972,73086129
14971,73086269
14958,73086410
14975,73086551
14971,73086691
14975,73086831
14969,73086972
14971,73087113
14966,73087254
14972,73087394
14971,73087535
14981,73087676
14978,73087816
14965,73087956
14973,73088097
14973,73088238
14973,73088378
14980,73088518
14965,73088659
14971,73088800
14967,73088940
14972,73089080
14968,73089222
14995,73089362
14991,73089502
14976,73089643
14967,73089784
14985,73089924
14970,73090065
14976,73090205
14974,73090346
15009,73090486
14984,73090626
14973,73090767
14964,73090908
14961,73091049
14976,73091189
14974,73091330
14999,73091471
14980,73091611
14971,73091752
14971,73091892
14966,73092033
14974,73092173
14970,73092314
15001,73092454
14982,73092595
14977,73092736
14967,73092876
14965,73093016
14965,73093157
14976,73093298
14988,73093438
14985,73093578
14969,73093719
14977,73093860
14978,73094000
14970,73094141
14974,73094282
14987,73094423
14996,73094563
14990,73094703
14976,73094845
14980,73094986
14965,73095127
14973,73095267
14977,73095408
15007,73095548
14981,73095689
14980,73095829
14973,73095970
14970,73096110
14973,73096251
14971,73096391
15000,73096532
14995,73096673
14981,73096813
14975,73096953
14961,73097094
14982,73097235
14970,73097375
14973,73097515
14978,73097657
14971,73097797
14972,73097937
14963,73098078
14981,73098219
14973,73098360
14965,73098500
14972,73098640
14963,73098782
14970,73098922
14970,73099062
14967,73099203
14980,73099345
14965,73099485
14971,73099625
14975,73099766
14963,73099907
14979,73100047
14969,73100188
14978,73100328
14963,73100470
14963,73100610
14972,73100750
14961,73100891
14967,73101032
14975,73101173
14975,73101313
14969,73101454
14976,73101595
14972,73101735
14964,73101875
14970,73102016
14964,73102157
14969,73102297
14978,73102437
14973,73102578
14971,73102719
14977,73102859
14967,73103000
14975,73103140
14969,73103281
14982,73103421
14981,73103562
14980,73103702
14965,73103843
14960,73103983
14966,73104124
14972,73104264
14968,73104405
14972,73104546
14964,73104686
14967,73104826
14979,73104967
14967,73105108
14965,73105248
14975,73105388
14970,73105530
15009,73105670
14990,73105810
14977,73105950
14980,73106092
14975,73106232
14969,73106372
14967,73106513
14979,73106654
15004,73106794
14973,73106935
14961,73107076
14971,73107217
14972,73107357
14976,73107497
14978,73107638
14996,73107779
14983,73107919
14974,73108060
14971,73108201
14975,73108342
14972,73108482
14979,73108622
15001,73108763
14985,73108904
14973,73109044
14970,73109185
14965,73109326
14981,73109467
14970,73109607
14995,73109747
14993,73109888
14989,73110029
14973,73110170
14973,73110310
14970,73110451
14966,73110592
15001,73110732
14994,73110872
14984,73111013
14972,73111154
14979,73111294
14965,73111435
14970,73111575
14979,73111716
15006,73111856
14968,73111997
14973,73112138
14971,73112279
14974,73112419
14970,73112560
14983,73112700
14992,73112841
14987,73112981
14971,73113122
14977,73113263
14968,73113404
14972,73113544
14978,73113685
14973,73113825
14966,73113966
14971,73114106
14961,73114247
14981,73114387
14972,73114528
14975,73114669
14972,73114809
14968,73114949
14971,73115090
14980,73115231
14963,73115371
14963,73115511
14966,73115652
14967,73115793
14978,73115933
14966,73116074
14971,73116215
14967,73116356
14963,73116496
14972,73116636
14952,73116778
14964,73116918
14980,73117058
14970,73117199
14962,73117340
14974,73117481
14971,73117621
14962,73117761
14963,73117903
14974,73118043
14960,73118184
14976,73118324
14971,73118465
14973,73118606
14969,73118746
14978,73118886
14977,73119028
14971,73119169
14974,73119309
14971,73119449
14973,73119591
14984,73119731
14969,73119871
14976,73120012
14974,73120153
14973,73120294
14971,73120434
14973,73120574
14966,73120716
14960,73120856
14963,73120996
14971,73121137
14957,73121279
14974,73121419
14975,73121559
14975,73121700
14960,73121841
15004,73121981
14982,73122121
14980,73122262
14975,73122403
14979,73122543
14967,73122683
14975,73122824
15006,73122965
14986,73123105
14971,73123246
14976,73123386
14968,73123527
14963,73123667
14963,73123808
14985,73123948
15010,73124089
14976,73124229
14977,73124370
14977,73124510
14960,73124651
14962,73124792
14975,73124932
14997,73125072
14983,73125214
14972,73125355
14958,73125495
14968,73125635
14983,73125776
14972,73125917
14998,73126057
14984,73126198
14978,73126339
14987,73126479
14975,73126620
14976,73126760
14962,73126901
15001,73127042
14984,73127183
14971,73127323
14974,73127464
14985,73127604
14967,73127745
14969,73127885
14985,73128026
14991,73128167
14974,73128308
14969,73128448
14967,73128589
14978,73128729
14971,73128870
14982,73129010
14994,73129151
14978,73129292
14982,73129432
14983,73129572
14949,73129713
14966,73129854
14969,73129994
14974,73130134
14977,73130276
14973,73130416
14972,73130556
14972,73130697
14980,73130838
14970,73130978
14976,73131118
14969,73131259
14969,73131400
14958,73131540
14961,73131680
14967,73131821
14967,73131962
14969,73132102
14970,73132243
14954,73132383
14977,73132524
14957,73132665
14957,73132805
14983,73132945
14967,73133086
14968,73133227
14975,73133367
14973,73133507
14976,73133649
14944,73133789
14975,73133929
14977,73134070
14963,73134211
14978,73134352
14980,73134492
14975,73134633
14977,73134774
14981,73134915
14979,73135055
14967,73135196
14969,73135337
14965,73135478
14968,73135618
14969,73135758
14975,73135899
14976,73136040
14969,73136181
14977,73136321
14964,73136462
14970,73136603
14983,73136743
14975,73136883
14963,73137025
14979,73137166
14972,73137306
14973,73137446
14980,73137587
14974,73137728
14974,73137868
14971,73138008
14977,73138149
15006,73138290
14980,73138430
14977,73138570
14960,73138711
14974,73138852
14975,73138992
14964,73139132