770,504
770,928
770,1368
775,1840
771,2312
777,2784
771,12512
781,23952
771,35392
771,46832
772,58272
769,69712
769,81152
772,92592
772,104032
769,116512
769,128992
772,141472
771,153952
770,166432
771,178912
771,191392
773,203872
770,216352
770,228832
771,241312
779,253792
775,266272
770,278752
770,291232
782,303712
776,316192
771,328672
771,341152
780,353632
773,366112
770,378592
771,391072
778,403552
773,416032
769,428512
770,440992
771,453472
772,465952
772,478432
771,490912
771,503392
772,515872
771,528352
770,540832
771,553312
771,565792
772,578272
770,590752
771,603232
771,615712
777,628192
776,640672
770,653152
769,665632
781,678112
775,690592
770,703072
770,715552
779,728032
774,740512
771,752992
770,765472
778,777952
773,790432
770,802912
770,815392
770,827872
772,840352
771,852832
769,865312
771,877792
772,890272
771,902752
769,915232
770,927712
772,940192
771,952672
770,965152
770,977632
772,990112
773,1002592
776,1016112
770,1029632
770,1043152
770,1056672
774,1070192
773,1083712
775,1097232
771,1110752
771,1124272
769,1137792
778,1151312
774,1164832
772,1178352
769,1191872
770,1205392
771,1218912
772,1232432
778,1245952
772,1259472
771,1272992
769,1286512
770,1300032
773,1313552
772,1327072
777,1340592
771,1354112
771,1367632
772,1381152
777,1394672
773,1408192
771,1421712
770,1435232
770,1448752
771,1462272
779,1475792
775,1489312
769,1502832
769,1516352
770,1529872
774,1543392
772,1556912
780,1570432
770,1583952
769,1597472
771,1610992
777,1624512
773,1638032
771,1651552
769,1665072
770,1678592
770,1692112
771,1705632
776,1719152
772,1732672
769,1746192
770,1759712
771,1773232
772,1786752
773,1800272
777,1813792
771,1827312
770,1840832
770,1854352
774,1867872
771,1881392
773,1894912
769,1908432
770,1921952
770,1935472
779,1948992
773,1962512
771,1976032
770,1989552
770,2003072
771,2016592
772,2030112
780,2043632
774,2057152
771,2070672
771,2084192
771,2097712
773,2111232
772,2124752
779,2138272
771,2151792
771,2165312
772,2178832
776,2192352
773,2205872
769,2219392
770,2232912
769,2246432
771,2259952
780,2273472
776,2286992
770,2300512
770,2314032
770,2327552
774,2341072
771,2354592
779,2368112
770,2381632
770,2395152
770,2408672
777,2422192
774,2435712
772,2449232
771,2462752
771,2476272
771,2489792
773,2503312
776,2516832
772,2530352
770,2543872
770,2557392
769,2570912
771,2584432
771,2597952
777,2611472
770,2624992
769,2638512
770,2652032
774,2665552
772,2679072
773,2692592
769,2706112
770,2719632
769,2733152
780,2746672
773,2760192
772,2773712
770,2787232
769,2800752
770,2814272
771,2827792
779,2841312
774,2854832
769,2868352
770,2881872
771,2895392
773,2908912
772,2922432
778,2935952
770,2949472
769,2962992
771,2976512
774,2990032
773,3003552
769,3017072
769,3030592
770,3044112
772,3057632
779,3071152
774,3084672
769,3098192
771,3111712
769,3125232
773,3138752
771,3152272
779,3165792
771,3179312
770,3192832
770,3206352
777,3219872
773,3233392
771,3246912
770,3260432
771,3273952
770,3287472
773,3300992
778,3314512
773,3328032
770,3341552
769,3355072
770,3368592
771,3382112
773,3395632
776,3409152
771,3422672
769,3436192
771,3449712
774,3463232
772,3476752
774,3490272
771,3503792
771,3517312
772,3530832
781,3544352
775,3557872
773,3571392
771,3584912
771,3598432
771,3611952
771,3625472
780,3638992
774,3652512
769,3666032
770,3679552
770,3693072
772,3706592
772,3720112
778,3733632
770,3747152
770,3760672
772,3774192
776,3787712
772,3801232
769,3814752
770,3828272
771,3841792
772,3855312
781,3868832
776,3882352
771,3895872
770,3909392
769,3922912
774,3936432
772,3949952
779,3963472
771,3976992
770,3990512
771,4004032
778,4017552
774,4031072
773,4044592
771,4058112
771,4071632
770,4085152
771,4098672
778,4112192
773,4125716
770,4139232
770,4152752
769,4166272
772,4179792
772,4193312
776,4206832
770,4220352
769,4233872
770,4247392
773,4260912
773,4274432
773,4287952
770,4301472
769,4314992
769,4328512
781,4342032
775,4355552
773,4369072
769,4382592
771,4396112
770,4409632
772,4423152
780,4436672
773,4450192
769,4463712
769,4477232
771,4490752
774,4504272
772,4517792
780,4531312
771,4544832
772,4558352
772,4571872
777,4585392
774,4598912
771,4612432
771,4625952
771,4639472
773,4652992
779,4666512
776,4680032
770,4693552
770,4707072
770,4720592
773,4734112
771,4747632
780,4761152
769,4774672
771,4788192
769,4801712
777,4815232
774,4828752
772,4842272
771,4855792
772,4869312
769,4882832
773,4896352
777,4909872
772,4923392
771,4936912
769,4950432
770,4963952
771,4977472
773,4990996
777,5004512
771,5018032
771,5031552
771,5045072
776,5058592
773,5072112
773,5085632
771,5099152
771,5112672
771,5126192
783,5139712
775,5153232
773,5166752
771,5180272
770,5193792
771,5207312
772,5220832
780,5234352
774,5247872
769,5261392
770,5274912
770,5288432
772,5301952
770,5315472
778,5328992
770,5342512
771,5356032
771,5369552
775,5383072
773,5396592
769,5410112
770,5423632
771,5437152
771,5450672
777,5464192
776,5477712
769,5491232
770,5504752
769,5518272
774,5531792
772,5545312
778,5558832
770,5572352
770,5585872
769,5599392
780,5612912
775,5626432
772,5639952
771,5653472
771,5666992
770,5680512
771,5694032
778,5707552
773,5721072
769,5734592
771,5748112
770,5761632
771,5775152
771,5788672
778,5802192
770,5815712
769,5829232
771,5842752
774,5856272
773,5869792
772,5883312
771,5896832
771,5910352
771,5923872
782,5937392
774,5950912
771,5964432
770,5977952
769,5991472
769,6004992
772,6018512
783,6032032
773,6045552
770,6059072
769,6072592
770,6086112
773,6099632
772,6113152
782,6126672
770,6140192
770,6153712
770,6167232
776,6180752
773,6194272
771,6207792
770,6221312
771,6234832
772,6248352
775,6261872
776,6275392
770,6288912
770,6302432
769,6315952
773,6329472
772,6342992
777,6356512
771,6370032
770,6383552
771,6397072
778,6410592
774,6424112
772,6437632
771,6451152
770,6464672
769,6478192
771,6491712
779,6505232
774,6518752
769,6532272
771,6545792
770,6559312
773,6572832
772,6586352
777,6599872
771,6613392
771,6626912
771,6640432
774,6653952
773,6667472
773,6680992
771,6694512
771,6708032
771,6721552
782,6735072
776,6748592
771,6762112
770,6775632
769,6789152
770,6802672
772,6816192
781,6829712
775,6843232
770,6856752
769,6870272
770,6883792
774,6897312
772,6910832
782,6924352
770,6937872
770,6951392
772,6964912
777,6978432
772,6991952
771,7005472
771,7018992
770,7032512
772,7046032
773,7059552
775,7073072
771,7086592
769,7100112
771,7113632
775,7127152
772,7140672
775,7154192
770,7167712
771,7181232
771,7194752
779,7208272
774,7221792
772,7235312
771,7248832
770,7262352
771,7275872
771,7289392
778,7302912
774,7316432
769,7329952
770,7343472
772,7356992
772,7370512
771,7384032
779,7397552
771,7411072
769,7424592
770,7438112
774,7451632
773,7465152
771,7478672
771,7492192
770,7505712
771,7519232
780,7532752
776,7546272
772,7559792
770,7573312
770,7586832
771,7600352
772,7613872
781,7627392
774,7640912
769,7654432
770,7667952
770,7681472
774,7694992
772,7708512
780,7722032
771,7735552
771,7749072
772,7762592
778,7776112
774,7789632
771,7803152
769,7816672
770,7830192
771,7843712
774,7857232
776,7870752
770,7884272
771,7897792
771,7911312
773,7924832
772,7938352
773,7951872
771,7965392
769,7978912
769,7992432
780,8005952
775,8019472
773,8032992
771,8046512
771,8060032
771,8073552
772,8087072
780,8100592
775,8114112
771,8127632
771,8141152
771,8154672
773,8168192
772,8181712
778,8195232