843,320
832,680
831,1052
827,1464
828,1872
830,2288
826,8352
832,18752
838,30192
830,41632
826,53072
830,64512
842,75952
824,87392
835,98832
828,110272
843,122752
829,135232
829,147712
847,160192
836,172672
826,185152
829,197632
847,210112
834,222592
829,235072
827,247552
846,260032
834,272512
825,284992
836,297472
828,309952
838,322432
829,334912
827,347392
829,359872
836,372352
828,384832
832,397312
828,409792
836,422272
833,434752
825,447232
832,459712
833,472192
828,484672
843,497152
822,509632
830,522112
843,534592
833,547072
831,559552
827,572032
845,584512
839,596992
820,609472
832,621952
844,634432
830,646912
828,659392
830,671872
827,684352
837,696832
830,709312
829,721792
834,734272
828,746752
836,759232
830,771712
825,784192
836,796672
828,809152
831,821632
828,834112
830,846592
832,859072
840,871552
827,884032
829,896512
839,908992
837,921472
831,933952
823,946432
851,958912
835,971392
827,983872
832,996352
841,1008832
836,1022352
833,1035872
826,1049392
826,1062912
831,1076432
829,1089952
845,1103472
839,1116992
825,1130512
830,1144032
832,1157552
834,1171072
828,1184592
848,1198112
828,1211632
828,1225152
834,1238672
836,1252192
829,1265712
834,1279232
825,1292752
828,1306272
831,1319792
847,1333312
829,1346832
835,1360352
827,1373872
825,1387392
833,1400912
833,1414432
845,1427952
834,1441472
829,1454992
825,1468512
832,1482032
836,1495552
827,1509072
843,1522592
828,1536112
827,1549632
827,1563152
839,1576672
830,1590192
826,1603712
830,1617232
827,1630752
828,1644272
846,1657792
833,1671312
829,1684832
835,1698352
824,1711872
831,1725392
832,1738912
843,1752432
823,1765952
828,1779472
831,1792992
838,1806512
835,1820032
831,1833552
824,1847072
833,1860592
834,1874112
824,1887632
844,1901152
834,1914672
822,1928192
828,1941712
835,1955232
826,1968752
828,1982272
846,1995796
823,2009312
827,2022832
832,2036352
836,2049872
831,2063392
832,2076912
828,2090432
829,2103952
833,2117472
842,2130992
829,2144512
835,2158032
826,2171552
827,2185072
831,2198592
830,2212112
841,2225632
839,2239152
828,2252672
829,2266192
835,2279712
832,2293232
829,2306752
842,2320272
826,2333792
825,2347312
831,2360832
835,2374352
828,2387872
831,2401392
830,2414912
823,2428432
832,2441952
854,2455472
830,2468992
828,2482512
832,2496032
827,2509552
831,2523072
834,2536592
844,2550112
827,2563632
830,2577152
827,2590672
838,2604192
837,2617712
830,2631232
823,2644752
830,2658272
830,2671792
831,2685312
843,2698832
831,2712352
824,2725872
832,2739392
833,2752912
828,2766432
842,2779952
836,2793472
826,2806992
828,2820512
831,2834032
829,2847552
832,2861072
845,2874592
826,2888112
826,2901632
830,2915152
839,2928672
833,2942192
835,2955712
823,2969232
827,2982752
832,2996272
831,3009792
837,3023312
837,3036832
825,3050352
828,3063872
832,3077392
832,3090912
827,3104432
838,3117952
824,3131472
827,3144992
832,3158512
834,3172032
827,3185552
830,3199072
828,3212592
827,3226112
832,3239632
848,3253152
830,3266672
826,3280192
831,3293712
826,3307232
835,3320752
833,3334272
844,3347792
827,3361312
828,3374832
828,3388352
839,3401872
832,3415392
826,3428912
829,3442432
835,3455952
826,3469472
842,3482992
841,3496512
833,3510032
828,3523552
834,3537072
826,3550592
828,3564112
852,3577632
837,3591152
827,3604672
830,3618192
828,3631712
835,3645232
833,3658752
851,3672272
825,3685792
833,3699312
832,3712832
838,3726352
834,3739872
832,3753392
828,3766912
833,3780432
833,3793952
828,3807472
841,3820992
837,3834512
827,3848032
829,3861552
835,3875072
829,3888592
837,3902112
843,3915632
825,3929152
830,3942672
833,3956192
836,3969712
831,3983232
841,3996752
829,4010272
829,4023792
836,4037312
843,4050832
830,4064352
831,4077872
829,4091392
830,4104912
835,4118432
832,4131952
842,4145472
830,4158992
828,4172512
829,4186032
841,4199552
835,4213072
825,4226592
832,4240112
832,4253632
827,4267152
847,4280672
837,4294192
831,4307712
828,4321232
834,4334752
826,4348272
831,4361792
855,4375312
833,4388832
828,4402352
833,4415872
826,4429392
829,4442912
834,4456432
840,4469952
824,4483472
832,4496992
827,4510512
833,4524032
838,4537552
828,4551072
825,4564592
832,4578112
830,4591632
834,4605152
837,4618672
835,4632192
822,4645712
830,4659232
832,4672752
830,4686272
842,4699792
835,4713312
823,4726832
828,4740352
835,4753872
830,4767392
829,4780912
850,4794432
823,4807952
827,4821472
831,4834992
838,4848512
832,4862032
833,4875552
827,4889072
825,4902592
835,4916112
825,4929632
837,4943152
831,4956672
824,4970192
827,4983712
835,4997232
829,5010752
827,5024272
829,5037792
831,5051312
824,5064832
848,5078352
836,5091872
828,5105392
831,5118912
828,5132432
827,5145952
833,5159472
848,5172992
833,5186512
830,5200032
830,5213552
826,5227072
833,5240592
837,5254112
841,5267632
829,5281152
833,5294672
826,5308192
836,5321712
837,5335232
828,5348752
827,5362272
830,5375792
827,5389312
845,5402832
843,5416352
829,5429872
828,5443392
833,5456912
829,5470432
829,5483952
851,5497472
832,5510992
825,5524512
831,5538032
828,5551552
832,5565072
833,5578592
848,5592112
824,5605632
830,5619152
830,5632672
834,5646192
832,5659712
832,5673232
826,5686752
826,5700272
832,5713792
836,5727312
838,5740832
830,5754352
824,5767872
830,5781392
836,5794912
832,5808432
837,5821952
831,5835472
825,5848992
829,5862512
846,5876032
831,5889552
828,5903072
831,5916592
825,5930112
826,5943632
830,5957152
839,5970672
830,5984192
831,5997712
829,6011232
826,6024752
831,6038272
829,6051792
837,6065312
829,6078832
831,6092352
821,6105872
838,6119392
830,6132912
824,6146432
829,6159952
831,6173472
824,6186992
849,6200512
834,6214032
823,6227552
825,6241072
833,6254592
826,6268112
826,6281632
846,6295152
829,6308672
826,6322192
831,6335712
826,6349232
829,6362752
835,6376272
840,6389792
827,6403312
831,6416832
829,6430352
838,6443872
833,6457392
831,6470912
823,6484432
832,6497952
835,6511472
839,6524992
837,6538512
831,6552032
820,6565552
830,6579072
836,6592592
827,6606112
841,6619632
829,6633152
825,6646672
828,6660192
841,6673712
829,6687232
828,6700752
831,6714272
820,6727792
827,6741312
829,6754832
838,6768352
826,6781872
828,6795392
828,6808912
826,6822432
835,6835952
827,6849472
833,6862992
833,6876512
828,6890032
825,6903552
836,6917072
831,6930592
827,6944112
830,6957632
828,6971152
827,6984672
840,6998192
834,7011712
825,7025232
831,7038752
830,7052272
825,7065792
832,7079312
847,7092832
829,7106352
830,7119872
831,7133392
827,7146912
832,7160432
837,7173952
839,7187472
825,7200992
833,7214512
827,7228032
833,7241552
836,7255072
828,7268592
826,7282112
829,7295632
833,7309152
847,7322672
837,7336192
828,7349712
825,7363232
832,7376752
834,7390272
826,7403792
850,7417312
827,7430832
826,7444352
830,7457872
842,7471392
829,7484912
835,7498432
829,7511952
828,7525472
831,7538992
841,7552512
838,7566032
829,7579552
832,7593072
825,7606592
827,7620112
833,7633632
837,7647152
836,7660672
833,7674192
827,7687712
824,7701232
839,7714752
827,7728272
837,7741792
833,7755312
829,7768832
826,7782352
841,7795872
834,7809392
825,7822912
834,7836432
828,7849952
826,7863472
832,7876992
842,7890512
827,7904032
827,7917552
828,7931072
828,7944592
833,7958112
830,7971632
832,7985152
829,7998672
832,8012192
826,8025712
834,8039232
834,8052756
824,8066272
830,8079792
831,8093312
826,8106832
843,8120352
836,8133872
827,8147392
826,8160912
830,8174432
829,8187952
829,8201472