820,320
846,680
835,1048
834,1464
842,1872
836,2288
836,8352
840,18752
828,30192
832,41632
826,53072
837,64512
830,75952
840,87392
840,98832
836,110272
843,122752
838,135232
845,147712
844,160192
842,172672
849,185152
843,197632
839,210112
844,222592
845,235072
847,247552
854,260032
836,272512
846,284992
835,297472
848,309952
842,322432
832,334912
855,347392
842,359872
833,372352
844,384832
850,397312
838,409792
835,422272
831,434752
838,447232
841,459712
837,472192
840,484672
832,497152
841,509632
839,522112
829,534592
838,547072
838,559552
835,572032
840,584512
835,596992
838,609472
837,621952
846,634432
834,646912
835,659392
839,671872
843,684352
825,696832
833,709312
853,721792
835,734272
832,746752
836,759232
847,771712
839,784192
827,796672
834,809152
835,821632
833,834112
838,846592
829,859072
827,871552
829,884032
815,896512
811,908992
821,921472
825,933952
832,946432
829,958912
829,971392
837,983872
831,996352
843,1008832
835,1022352
832,1035872
844,1049392
853,1062912
844,1076432
846,1089952
850,1103472
847,1116992
850,1130512
873,1144032
855,1157552
844,1171072
851,1184592
840,1198112
848,1211632
849,1225152
854,1238672
834,1252192
839,1265712
837,1279232
846,1292752
841,1306272
837,1319792
832,1333312
837,1346832
835,1360352
841,1373872
846,1387392
837,1400912
832,1414432
836,1427952
834,1441472
831,1454992
848,1468512
845,1482032
831,1495552
832,1509072
839,1522592
835,1536112
834,1549632
855,1563152
830,1576672
832,1590192
840,1603712
843,1617232
834,1630752
839,1644272
830,1657792
832,1671312
840,1684832
840,1698352
842,1711872
838,1725392
832,1738912
835,1752432
836,1765952
839,1779472
841,1792992
847,1806512
830,1820032
830,1833552
836,1847072
842,1860592
829,1874112
848,1887632
834,1901152
827,1914672
836,1928192
853,1941712
845,1955232
842,1968752
840,1982272
836,1995792
841,2009312
841,2022832
843,2036352
829,2049872
839,2063392
831,2076912
838,2090432
841,2103952
837,2117472
834,2130992
836,2144512
835,2158032
844,2171552
843,2185072
832,2198592
832,2212112
837,2225632
833,2239152
832,2252672
850,2266192
838,2279712
830,2293232
834,2306752
837,2320272
837,2333792
839,2347312
848,2360832
831,2374352
834,2387872
837,2401392
842,2414912
838,2428432
839,2441952
831,2455472
835,2468992
839,2482512
852,2496032
843,2509552
838,2523072
832,2536592
837,2550112
842,2563632
837,2577152
856,2590672
848,2604192
833,2617712
833,2631232
839,2644752
837,2658272
835,2671792
855,2685312
832,2698832
832,2712352
841,2725872
844,2739392
835,2752912
834,2766432
836,2779952
836,2793472
843,2806992
847,2820512
840,2834032
838,2847552
838,2861072
832,2874592
845,2888112
842,2901632
844,2915152
837,2928672
839,2942192
830,2955712
846,2969232
842,2982752
835,2996272
833,3009792
842,3023312
834,3036832
834,3050352
849,3063872
841,3077392
836,3090912
841,3104432
836,3117952
836,3131472
842,3144992
843,3158512
834,3172032
840,3185552
841,3199072
842,3212592
840,3226112
841,3239632
833,3253152
838,3266672
835,3280192
846,3293712
843,3307232
840,3320752
833,3334272
839,3347792
837,3361312
837,3374832
851,3388352
840,3401872
834,3415392
835,3428912
841,3442432
841,3455952
838,3469472
851,3482992
834,3496512
836,3510032
845,3523552
845,3537072
838,3550592
836,3564112
838,3577632
832,3591152
845,3604672
857,3618192
839,3631712
836,3645232
838,3658752
832,3672272
845,3685792
839,3699312
846,3712832
836,3726352
840,3739872
835,3753392
844,3766912
843,3780432
835,3793952
836,3807472
841,3820992
834,3834512
849,3848032
850,3861552
835,3875072
835,3888592
839,3902112
835,3915632
838,3929152
856,3942672
843,3956192
833,3969712
842,3983232
833,3996752
841,4010272
843,4023792
851,4037312
832,4050832
839,4064352
836,4077872
846,4091392
842,4104912
837,4118432
837,4131952
842,4145472
837,4158992
837,4172512
850,4186032
840,4199552
835,4213072
837,4226592
843,4240112
836,4253632
850,4267152
847,4280672
833,4294192
841,4307712
841,4321232
841,4334752
838,4348272
850,4361792
831,4375312
838,4388832
845,4402352
848,4415872
843,4429392
838,4442912
836,4456432
839,4469952
844,4483472
840,4496992
849,4510512
841,4524032
837,4537552
836,4551072
850,4564592
838,4578112
835,4591632
840,4605152
840,4618672
836,4632192
860,4645712
842,4659232
832,4672752
840,4686272
838,4699792
830,4713312
837,4726832
855,4740352
838,4753872
837,4767392
841,4780912
835,4794432
837,4807952
842,4821472
845,4834992
836,4848512
841,4862032
834,4875552
842,4889072
843,4902592
836,4916112
837,4929632
841,4943152
835,4956672
850,4970192
847,4983712
840,4997232
838,5010752
840,5024272
841,5037792
836,5051312
860,5064832
844,5078352
833,5091872
841,5105392
837,5118912
838,5132432
840,5145952
857,5159472
832,5172992
840,5186512
840,5200032
842,5213552
839,5227072
838,5240592
834,5254112
837,5267632
847,5281152
844,5294672
848,5308192
841,5321712
835,5335232
835,5348752
848,5362272
838,5375792
847,5389312
840,5402832
837,5416352
836,5429872
851,5443392
836,5456912
838,5470432
837,5483952
840,5497472
836,5510992
843,5524512
845,5538032
841,5551552
839,5565072
837,5578592
834,5592112
841,5605632
840,5619152
843,5632672
836,5646192
837,5659712
833,5673232
846,5686752
838,5700272
835,5713792
837,5727312
842,5740832
833,5754352
853,5767872
845,5781392
837,5794912
835,5808432
839,5821952
835,5835472
837,5848992
857,5862512
839,5876032
831,5889552
841,5903072
838,5916592
837,5930112
843,5943632
847,5957152
831,5970672
840,5984192
841,5997712
841,6011232
841,6024752
836,6038272
833,6051792
841,6065312
841,6078832
852,6092352
841,6105872
838,6119392
829,6132912
839,6146432
840,6159952
835,6173472
850,6186992
838,6200512
834,6214032
835,6227552
849,6241072
839,6254592
836,6268112
843,6281632
833,6295152
838,6308672
850,6322192
841,6335712
840,6349232
842,6362752
834,6376272
835,6389792
845,6403312
854,6416832
838,6430352
837,6443872
837,6457392
834,6470912
842,6484432
838,6497952
850,6511472
837,6524992
840,6538512
833,6552032
848,6565552
843,6579072
831,6592592
837,6606112
841,6619632
834,6633152
837,6646672
849,6660192
836,6673712
836,6687232
838,6700752
832,6714272
838,6727792
841,6741312
843,6754832
831,6768352
838,6781872
835,6795392
839,6808912
841,6822432
845,6835952
834,6849472
838,6862992
835,6876512
847,6890032
843,6903552
834,6917072
834,6930592
839,6944112
838,6957632
833,6971152
855,6984672
834,6998192
832,7011712
840,7025232
847,7038752
833,7052272
841,7065792
840,7079312
831,7092832
834,7106352
861,7119872
841,7133392
840,7146912
839,7160432
831,7173952
836,7187472
843,7200992
849,7214512
842,7228032
836,7241552
837,7255072
835,7268592
842,7282112
835,7295632
849,7309152
840,7322672
837,7336192
836,7349712
850,7363232
836,7376752
835,7390272
837,7403792
837,7417312
837,7430832
857,7444352
847,7457872
834,7471392
838,7484912
839,7498432
834,7511952
842,7525472
858,7538992
840,7552512
841,7566032
841,7579552
836,7593072
843,7606592
841,7620112
853,7633632
836,7647152
839,7660672
832,7674192
848,7687712
844,7701232
834,7714752
832,7728272
842,7741792
835,7755312
846,7768832
849,7782352
836,7795872
834,7809392
837,7822912
843,7836432
834,7849952
851,7863472
836,7876992
835,7890512
838,7904032
851,7917552
836,7931072
843,7944592
836,7958112
835,7971632
838,7985152
839,7998672
844,8012192
844,8025712
838,8039232
832,8052756
838,8066272
843,8079792
833,8093312
850,8106832
838,8120352
834,8133872
841,8147392
851,8160912
837,8174432
839,8187952
841,8201472