829,688
836,1076
824,1492
830,1904
827,2336
828,8352
828,18752
822,30192
839,41632
821,53072
826,64512
824,75952
843,87392
823,98832
824,110272
830,122752
836,135232
823,147712
827,160192
825,172672
840,185152
827,197632
820,210112
830,222592
834,235072
823,247552
826,260032
834,272512
835,284992
824,297472
822,309952
827,322432
830,334912
826,347392
827,359872
823,372352
833,384832
832,397312
822,409792
826,422272
829,434752
828,447232
827,459712
822,472192
829,484672
831,497152
829,509632
829,522112
824,534592
825,547072
842,559552
821,572032
825,584512
828,596992
843,609472
825,621952
827,634432
824,646912
842,659392
821,671872
826,684352
825,696832
837,709312
833,721792
825,734272
824,746752
839,759232
824,771712
827,784192
824,796676
834,809152
829,821632
825,834112
824,846592
833,859072
825,871552
825,884032
826,896512
821,908992
831,921472
824,933952
825,946432
828,958912
826,971392
823,983872
824,996352
824,1008832
830,1022352
841,1035872
831,1049392
824,1062912
827,1076432
821,1089952
831,1103472
826,1116992
838,1130512
826,1144032
830,1157552
828,1171072
840,1184592
834,1198112
824,1211632
828,1225152
831,1238672
824,1252192
829,1265712
843,1279232
828,1292752
826,1306272
827,1319792
823,1333312
829,1346832
832,1360352
836,1373872
824,1387392
829,1400912
824,1414432
831,1427952
827,1441472
826,1454992
821,1468512
829,1482032
827,1495552
837,1509072
836,1522592
831,1536112
819,1549632
826,1563152
827,1576672
824,1590192
841,1603712
835,1617232
820,1630752
826,1644272
826,1657792
829,1671312
828,1684832
837,1698352
823,1711872
821,1725392
831,1738912
835,1752432
826,1765952
826,1779472
823,1792992
823,1806512
832,1820032
829,1833552
837,1847072
827,1860592
821,1874112
825,1887632
836,1901152
827,1914672
820,1928192
828,1941712
826,1955232
820,1968752
838,1982272
832,1995792
827,2009312
826,2022832
825,2036352
824,2049872
829,2063392
833,2076912
830,2090432
824,2103952
827,2117472
820,2130992
832,2144512
831,2158032
824,2171552
825,2185072
827,2198592
821,2212112
840,2225632
834,2239152
825,2252672
826,2266192
825,2279712
826,2293232
824,2306752
847,2320272
828,2333792
825,2347312
830,2360832
824,2374352
828,2387872
829,2401392
837,2414912
820,2428432
826,2441952
825,2455472
834,2468992
827,2482512
823,2496032
821,2509552
830,2523072
828,2536592
825,2550112
835,2563632
824,2577152
824,2590672
827,2604192
833,2617712
827,2631232
825,2644752
829,2658272
825,2671792
827,2685312
847,2698832
828,2712352
829,2725872
828,2739392
824,2752912
825,2766432
830,2779952
839,2793472
826,2806992
825,2820512
826,2834032
823,2847552
829,2861076
831,2874592
838,2888112
824,2901632
826,2915152
821,2928672
840,2942192
830,2955712
821,2969232
826,2982752
825,2996272
824,3009792
829,3023312
836,3036832
828,3050352
823,3063872
824,3077392
825,3090912
829,3104432
830,3117952
833,3131472
825,3144992
827,3158512
821,3172032
834,3185552
828,3199072
824,3212592
826,3226112
826,3239632
825,3253152
839,3266672
830,3280192
820,3293712
826,3307232
827,3320752
830,3334272
825,3347792
841,3361312
827,3374832
822,3388352
826,3401872
838,3415392
828,3428912
832,3442432
827,3455952
821,3469472
829,3482992
830,3496512
835,3510032
830,3523552
826,3537072
821,3550592
828,3564112
830,3577632
822,3591152
835,3604672
825,3618192
825,3631712
825,3645232
835,3658752
825,3672272
827,3685792
824,3699312
826,3712832
823,3726352
836,3739872
836,3753392
826,3766912
824,3780432
827,3793952
822,3807472
829,3820992
836,3834512
829,3848032
824,3861552
826,3875072
821,3888592
833,3902112
829,3915632
832,3929152
824,3942672
830,3956192
822,3969712
838,3983232
833,3996752
824,4010272
825,4023792
830,4037312
823,4050832
823,4064352
841,4077872
825,4091392
825,4104912
828,4118432
832,4131952
825,4145472
828,4158992
826,4172512
820,4186032
828,4199552
827,4213072
830,4226592
827,4240112
827,4253632
824,4267152
829,4280672
830,4294192
823,4307712
835,4321232
823,4334752
823,4348272
825,4361792
836,4375312
825,4388832
826,4402352
824,4415872
823,4429392
824,4442912
850,4456432
827,4469952
826,4483472
829,4496992
824,4510512
826,4524032
828,4537552
844,4551072
828,4564592
828,4578112
826,4591636
821,4605152
836,4618672
828,4632192
838,4645712
825,4659232
828,4672752
825,4686272
838,4699792
827,4713312
821,4726832
828,4740352
829,4753872
825,4767392
828,4780912
838,4794432
819,4807952
826,4821472
827,4834992
829,4848512
831,4862032
824,4875552
824,4889072
827,4902592
824,4916112
841,4929632
830,4943152
828,4956672
824,4970192
824,4983712
828,4997232
826,5010752
836,5024272
835,5037792
822,5051312
820,5064832
829,5078352
830,5091872
822,5105392
840,5118912
825,5132432
823,5145952
825,5159472
835,5172992
823,5186512
827,5200032
824,5213552
823,5227072
824,5240592
830,5254112
830,5267632
828,5281152
828,5294672
825,5308192
826,5321712
831,5335232
824,5348752
839,5362272
825,5375792
823,5389312
825,5402832
836,5416352
828,5429872
824,5443392
828,5456912
824,5470432
828,5483952
837,5497472
833,5510992
825,5524512
829,5538032
826,5551552
828,5565072
831,5578592
830,5592112
823,5605632
829,5619152
829,5632672
840,5646192
834,5659712
826,5673232
823,5686752
829,5700272
829,5713792
827,5727312
840,5740832
834,5754352
821,5767872
826,5781392
824,5794912
829,5808432
829,5821952
842,5835472
820,5848992
825,5862512
830,5876032
830,5889552
825,5903072
829,5916592
823,5930112
820,5943632
827,5957152
823,5970672
831,5984192
831,5997712
823,6011232
825,6024752
829,6038272
828,6051792
824,6065312
836,6078832
826,6092352
820,6105872
830,6119392
829,6132912
826,6146432
824,6159952
829,6173472
826,6186992
829,6200512
849,6214032
830,6227552
824,6241072
829,6254592
825,6268112
832,6281632
829,6295152
845,6308672
824,6322192
828,6335712
823,6349232
833,6362752
830,6376272
822,6389792
822,6403312
825,6416832
828,6430352
827,6443872
837,6457392
830,6470912
824,6484432
830,6497952
824,6511472
829,6524992
830,6538512
834,6552032
822,6565552
828,6579072
830,6592592
831,6606112
830,6619632
830,6633152
823,6646672
826,6660192
826,6673712
840,6687232
834,6700752
827,6714272
822,6727792
826,6741312
831,6754832
825,6768352
842,6781872
831,6795392
822,6808912
824,6822432
832,6835952
829,6849472
826,6862992
839,6876512
820,6890032
826,6903552
827,6917072
833,6930592
830,6944112
825,6957632
825,6971152
823,6984672
830,6998192
825,7011712
837,7025232
827,7038752
825,7052272
822,7065792
832,7079312
831,7092832
820,7106352
829,7119876
827,7133392
820,7146912
838,7160432
834,7173952
825,7187472
825,7200992
828,7214512
823,7228032
824,7241552
838,7255072
829,7268592
824,7282112
827,7295632
825,7309152
832,7322672
834,7336192
832,7349712
825,7363232
831,7376752
821,7390272
840,7403792
833,7417312
827,7430832
822,7444352
826,7457872
825,7471392
824,7484912
843,7498432
827,7511952
820,7525472
830,7538992
826,7552512
824,7566032
831,7579552
843,7593072
819,7606592
827,7620112
827,7633632
832,7647152
834,7660672
826,7674192
822,7687712
827,7701232
829,7714752
826,7728272
833,7741792
827,7755312
821,7768832
826,7782352
831,7795872
826,7809392
826,7822912
829,7836432
825,7849952
825,7863472
847,7876992
828,7890512
827,7904032
824,7917552
825,7931072
823,7944592
827,7958112
843,7971632
826,7985152
827,7998672
825,8012192
825,8025712
833,8039232
828,8052752
842,8066272
823,8079792
826,8093312
821,8106832
840,8120352
830,8133872
822,8147392
824,8160912
828,8174432
823,8187952
824,8201472
842,8214992
825,8228512
829,8242032
833,8255552
825,8269072
828,8282592
832,8296112
836,8309632
826,8323152
827,8336672
825,8350192
833,8363712
834,8377232
821,8390752
825,8404272
828,8417792
828,8431312
837,8444832
834,8458352
823,8471872
821,8485392
828,8498912
832,8512432
825,8525952
840,8539472
826,8552992
822,8566512
825,8580032
841,8593552
829,8607072
829,8620592
827,8634112
823,8647632
825,8661152
832,8674672
837,8688192
830,8701712
826,8715232
824,8728752
828,8742272
832,8755792
827,8769312
836,8782832
829,8796352
826,8809872
820,8823392
837,8836912
829,8850432
825,8863952
828,8877472
826,8890992
821,8904512
838,8918032
831,8931552
824,8945072
827,8958592
825,8972112
826,8985632
829,8999152
837,9012672
831,9026192
821,9039712
829,9053232
823,9066752
827,9080272
829,9093792
829,9107312
825,9120832
826,9134352
824,9147872
841,9161392
834,9174912
821,9188432
826,9201952
825,9215472
829,9228992
826,9242512
841,9256032
826,9269552
821,9283072
828,9296592
836,9310112
828,9323632
830,9337152
821,9350672
824,9364192
828,9377712
825,9391232
832,9404752
832,9418272
825,9431792
824,9445312
826,9458832
826,9472352
824,9485872
836,9499392
826,9512912
819,9526432
825,9539952
837,9553472
826,9566992
822,9580512
828,9594032
824,9607552
827,9621072
845,9634592
829,9648112
826,9661632
825,9675152
826,9688672
823,9702192
828,9715712
843,9729232
826,9742752
823,9756272
825,9769792
826,9783312
830,9796832
827,9810352
839,9823872
825,9837392
827,9850912
823,9864432
836,9877952
831,9891472
820,9904992
829,9918512
826,9932032
823,9945552
825,9959072
841,9972592
821,9986112
826,9999632
824,10013152
826,10027712
825,10042272
831,10056832
831,10071392
826,10085952
824,10100512
828,10115072
825,10129632
825,10144192
827,10158752
831,10173312
824,10187872
840,10202432
835,10216992
826,10231552
822,10246112
826,10260672
825,10275232
827,10289792
823,10304352
831,10318912
827,10333472
842,10348032
827,10362592
826,10377152
824,10391712
825,10406272
827,10420832
829,10435392
836,10449952
826,10464512
826,10479072
840,10493632
828,10508192
825,10522752
828,10537312
827,10551872
821,10566432
829,10580992
836,10595552
827,10610112
822,10624672
834,10639232
825,10653792
826,10668352
821,10682912
830,10697472
825,10712032
841,10726592
831,10741152
827,10755712
830,10770272
830,10784832
825,10799392
827,10813952
824,10828512
827,10843072
830,10857632
843,10872192
830,10886752
829,10901312
846,10915872
822,10930432
824,10944992
830,10959552
826,10974112
823,10988672
828,11003232
840,11017792
831,11032352
824,11046912
840,11061472
828,11076032
825,11090592
825,11105152
827,11119712
827,11134272
823,11148832
832,11163392
833,11177952
828,11192512
823,11207072
824,11221632
830,11236192
823,11250752
822,11265312
829,11279872
843,11294432
828,11308992
827,11323552
824,11338112
830,11352672
822,11367232
823,11381792
827,11396352
830,11410912
825,11425472
847,11440032
830,11454592
827,11469152
821,11483712
829,11498272
827,11512832
820,11527392
827,11541952
829,11556512
829,11571072
835,11585632
826,11600192
827,11614752
823,11629312
824,11643872
830,11658432
827,11672992
831,11687552
827,11702112
828,11716672
841,11731232
828,11745792
827,11760352
826,11774912
824,11789472
826,11804032
828,11818592
835,11833152
822,11847712
827,11862272
836,11876832
828,11891392
827,11905952
825,11920512
832,11935072
828,11949632
838,11964192
831,11978756
827,11993312
836,12007872
832,12022432
828,12036992
828,12051552
825,12066112
825,12080672
830,12095232
833,12109792
828,12124352
827,12138912
842,12153472
820,12168032
825,12182592
829,12197152
828,12211712
822,12226272
826,12240832
838,12255392
825,12269952
828,12284512
839,12299072
824,12313632
826,12328192
824,12342752
829,12357312
829,12371872
835,12386432
829,12400992
831,12415552
825,12430112
824,12444672
828,12459232
827,12473792
821,12488352
826,12502912
828,12517472
845,12532032
829,12546592
827,12561152
833,12575712
825,12590272
822,12604832
825,12619392
829,12633952
830,12648512
822,12663072
840,12677632
831,12692192
823,12706752
821,12721312
830,12735872
822,12750432
825,12764992
833,12779552
832,12794112
825,12808672
835,12823232
830,12837792
825,12852352
824,12866912
825,12881472
829,12896032
824,12910592
830,12925152
827,12939712
827,12954272
834,12968832
827,12983392
827,12997952
828,13012512
826,13027072
823,13041632
830,13056192
830,13070752
823,13085312
839,13099872
832,13114432
825,13128992
823,13143552
826,13158112
826,13172672
823,13187232
837,13201792
834,13216352
826,13230912
840,13245472
831,13260032
824,13274592
824,13289152
823,13303712
827,13318272
827,13332832
833,13347392
830,13361952
828,13376512
839,13391072
821,13405632
826,13420192
825,13434752
826,13449312
822,13463872
837,13478432
836,13492992
826,13507552
821,13522112
838,13536672
821,13551232
823,13565792
824,13580352
829,13594912
826,13609472
838,13624032
830,13638592
829,13653152
835,13667712
824,13682272
830,13696832
826,13711392
821,13725952
825,13740512
829,13755072
836,13769632
828,13784192
829,13798752
842,13813312
821,13827872
827,13842432
824,13856992
828,13871552
827,13886112
823,13900672
837,13915232
831,13929792
822,13944352
825,13958912
829,13973472
823,13988032
824,14002592
829,14017152
830,14031712
822,14046272
835,14060832
831,14075392
825,14089952
825,14104512
826,14119072
826,14133632
823,14148192
829,14162752
831,14177312
836,14191872
830,14206432
826,14220992
826,14235552
825,14250112
827,14264672
824,14279232
829,14293792
829,14308352
825,14322912
847,14337472
830,14352032
820,14366592
826,14381152
827,14395712
824,14410272
823,14424832
835,14439392
829,14453952
827,14468512
835,14483072
830,14497632
823,14512192
823,14526752
827,14541312
826,14555872
826,14570432
831,14584992
828,14599552
832,14614112
837,14628672
824,14643232
831,14657792
827,14672352
825,14686912
829,14701472
848,14716032
833,14730592
828,14745152
831,14759712
835,14774272
822,14788832
822,14803392
827,14817952
827,14832512
825,14847072
842,14861632
832,14876192
828,14890752
838,14905312
823,14919872
828,14934432
826,14948992
823,14963552
825,14978112
830,14992672
833,15007232
830,15021792
827,15036352
842,15050912
821,15065472
829,15080032
828,15094592
826,15109152
825,15123712
830,15138272
835,15152832
826,15167392
824,15181952
829,15196512
827,15211072
821,15225632
826,15240192
826,15254752
827,15269312
833,15283872
839,15298432
827,15312992
823,15327552
826,15342112
828,15356672
827,15371232
822,15385792
832,15400352
831,15414912
840,15429472
831,15444032
825,15458592
827,15473152
820,15487712
825,15502272
828,15516832
829,15531392
827,15545952
824,15560512
843,15575072
827,15589632
821,15604192
827,15618752
824,15633312
826,15647872
823,15662432
834,15676992
827,15691552
822,15706112
835,15720672
830,15735232
824,15749792
825,15764352
829,15778912
828,15793472
823,15808032
830,15822592
828,15837152
827,15851712
830,15866272
825,15880832
830,15895392
822,15909952
823,15924512
825,15939072
846,15953632
827,15968192
823,15982752
839,15997312
831,16011872
824,16026432
826,16040992
827,16055552
823,16070112
825,16084672
839,16099232
830,16113792
824,16128352
844,16142912
827,16157472
826,16172032
824,16186592
831,16201152
830,16215712
828,16230272
837,16244832
830,16259392
826,16273952
834,16288512
823,16303072
826,16317632
828,16332192
825,16346752
829,16361312
838,16375872
831,16390432
823,16404992
827,16419552
827,16434112
826,16448672
825,16463232
832,16477792
828,16492352
827,16506912
839,16521472
832,16536032
830,16550592
826,16565152
826,16579712
828,16594272
826,16608832
821,16623392
833,16637952
829,16652512
837,16667072
831,16681632
826,16696192
824,16710752
827,16725312
823,16739872
826,16754432
826,16768992
825,16783552
832,16798112
838,16812672
823,16827232
823,16841792
828,16856352
828,16870912
825,16885472
826,16900032
831,16914592
825,16929152
826,16943712
833,16958272
833,16972832
823,16987392
822,17001952
826,17016512
826,17031072
822,17045632
832,17060192
833,17074752
836,17089312
831,17103872
825,17118432
828,17132992
827,17147552
824,17162112
830,17176672
838,17191232
826,17205792
828,17220352
851,17234912
830,17249472
823,17264032
829,17278592
831,17293152
821,17307712
828,17322272
839,17336832
826,17351392
825,17365952
840,17380512
828,17395072
824,17409632
824,17424192
826,17438752
825,17453312
835,17467872
831,17482432
830,17496992
826,17511552
832,17526112
826,17540672
826,17555232
822,17569792
824,17584352
831,17598912
843,17613472
831,17628032
826,17642592
829,17657152
830,17671712
823,17686272
825,17700832
833,17715392
826,17729952
824,17744512
845,17759072
834,17773632
821,17788192
836,17802752
827,17817312
825,17831872
823,17846432
823,17860992
829,17875552
828,17890112
835,17904672
829,17919232
831,17933792
821,17948352
825,17962912
828,17977472
825,17992032
824,18006592
829,18021152
829,18035712
835,18050272
824,18064832
825,18079392
827,18093952
820,18108512
825,18123072
828,18137632
834,18152192
821,18166752
835,18181312
834,18195872
826,18210432
824,18224992
830,18239552
825,18254112
827,18268672
822,18283232
830,18297792
830,18312352
841,18326912
833,18341472
829,18356032
828,18370592
821,18385152
828,18399712
828,18414272
833,18428832
826,18443392
827,18457952
839,18472512
826,18487072
824,18501632
831,18516192
825,18530752
824,18545312
826,18559872
834,18574432
824,18588992
826,18603552
837,18618112
828,18632672
822,18647232
821,18661792
829,18676352
826,18690912
837,18705472
834,18720032
827,18734592
825,18749152
833,18763712
826,18778272
824,18792832
824,18807392
824,18821952
831,18836512
839,18851072
828,18865632
829,18880192
839,18894752
822,18909312
824,18923872
829,18938432
827,18952992
822,18967552
824,18982112
841,18996672
830,19011232
819,19025792
842,19040352
825,19054912
828,19069472
825,19084032
827,19098592
826,19113152
822,19127712
834,19142272
832,19156832
829,19171392
823,19185952
823,19200512
827,19215072
824,19229632
826,19244192
826,19258752
831,19273312
829,19287872
828,19302432
829,19316992
826,19331552
821,19346112
828,19360672
830,19375232
829,19389792
827,19404352
842,19418912
834,19433472
826,19448032
824,19462592
828,19477152
826,19491712
820,19506272
827,19520832
832,19535392
829,19549952
837,19564512
830,19579072
825,19593632
825,19608192
824,19622752
829,19637312
826,19651872
830,19666432
827,19680992
828,19695552
836,19710112
826,19724672
825,19739232
829,19753792
825,19768352
825,19782912
828,19797472
834,19812032
823,19826592
824,19841152
839,19855712
822,19870272
821,19884832
831,19899392
825,19913952
826,19928512
842,19943072
830,19957632
827,19972192
835,19986752
832,20001312
830,20015872
822,20030432
821,20044992
828,20059552
832,20074112
836,20088672
828,20103232
830,20117792
839,20132352
819,20146912
823,20161472
827,20176032
825,20190592
826,20205152
825,20219712
839,20234272
827,20248832
825,20263392
843,20277952
822,20292512
822,20307072
823,20321632
829,20336192
830,20350752
823,20365312
834,20379872
829,20394432
826,20408992
822,20423552
827,20438112
825,20452672
826,20467232
826,20481792
831,20496352
840,20510912
830,20525472
825,20540032
828,20554592
824,20569152
824,20583712
827,20598272
826,20612832
828,20627392
830,20641952
845,20656512
833,20671072
826,20685632
824,20700192
831,20714752
824,20729312
826,20743872
828,20758432
833,20772992
822,20787552
834,20802112
831,20816672
822,20831232
824,20845792
828,20860352
829,20874912
824,20889472
832,20904032
828,20918592
828,20933152
834,20947712
824,20962272
829,20976832
825,20991392
822,21005952
826,21020512
827,21035072
831,21049632
826,21064192
836,21078752
837,21093312
824,21107872
824,21122432
827,21136992
823,21151552
822,21166112
836,21180672
835,21195232
824,21209792
840,21224352
832,21238912
825,21253472
825,21268032
826,21282592
827,21297152
826,21311712
834,21326272
829,21340832
829,21355392
840,21369952
823,21384512
824,21399072
829,21413632
825,21428192
825,21442752
829,21457312
835,21471872
822,21486432
827,21500992
839,21515552
824,21530112
826,21544672
827,21559232
826,21573792
826,21588352
836,21602912
836,21617472
829,21632032
823,21646592
824,21661152
829,21675712
823,21690272
819,21704832
825,21719392
831,21733952
841,21748512
830,21763072
826,21777632
835,21792192
822,21806752
824,21821312
830,21835872
825,21850432
825,21864992
829,21879552
841,21894112
828,21908672
826,21923232
826,21937792
825,21952352
826,21966912
823,21981472
828,21996032
831,22010592
821,22025152
838,22039712
829,22054272
825,22068832
824,22083392
827,22097952
826,22112512
820,22127072
833,22141632
829,22156192
829,22170752
831,22185312
826,22199872
824,22214432
824,22228992
828,22243552
827,22258112
826,22272672
828,22287232
828,22301792
845,22316352
832,22330912
822,22345472
825,22360032
829,22374592
823,22389152
822,22403712
839,22418272
828,22432832
827,22447392
839,22461952
829,22476512
827,22491072
821,22505632
828,22520192
831,22534752
822,22549312
832,22563872
834,22578432
827,22592992
835,22607552
824,22622112
831,22636672
824,22651232
825,22665792
825,22680352
838,22694912
829,22709472
827,22724032
825,22738592
838,22753152
821,22767712
826,22782272
826,22796832
826,22811392
825,22825952
847,22840512
830,22855072
825,22869632
832,22884192
826,22898752
824,22913312
825,22927872
824,22942432
827,22956992
826,22971552
833,22986112
830,23000672
827,23015232
838,23029792
822,23044352
826,23058912
827,23073472
823,23088032
830,23102592
830,23117152
838,23131712
826,23146272
827,23160832
828,23175392
826,23189952
821,23204512
831,23219072
828,23233632
828,23248192
827,23262752
834,23277312
827,23291872
823,23306432
825,23320992
831,23335552
824,23350112
826,23364672
829,23379232
830,23393792
836,23408352
830,23422912
827,23437472
826,23452032
821,23466592
827,23481152
828,23495712
827,23510272
827,23524832
826,23539392
844,23553952
833,23568512
827,23583072
826,23597632
828,23612192
828,23626752
829,23641312
841,23655872
832,23670432
828,23684992
842,23699552
830,23714112
824,23728672
828,23743232
829,23757792
829,23772352
822,23786912
830,23801472
829,23816032
828,23830592
833,23845152
828,23859712
829,23874272
825,23888832
826,23903392
824,23917952
847,23932512
827,23947072
824,23961632
836,23976192
832,23990752
822,24005312