829,688
829,1076
826,1488
822,1904
824,2336
825,8352
837,18752
834,30192
822,41632
821,53072
831,64516
822,75952
823,87392
828,98832
825,110272
828,122752
825,135232
828,147712
829,160192
824,172672
828,185152
827,197632
823,210112
824,222592
825,235072
830,247552
834,260032
821,272512
830,284992
825,297472
841,309952
834,322432
822,334912
825,347392
847,359872
827,372352
824,384832
826,397312
835,409792
831,422272
821,434752
828,447232
840,459712
828,472192
825,484672
823,497152
822,509632
831,522112
824,534592
829,547072
826,559552
826,572032
826,584512
824,596992
826,609472
830,621952
821,634432
828,646912
824,659392
826,671872
824,684352
841,696832
821,709312
828,721792
823,734272
840,746752
825,759232
824,771712
829,784192
839,796672
820,809152
829,821632
822,834112
836,846592
824,859072
825,871552
827,884032
831,896512
825,908992
828,921472
821,933952
834,946432
825,958912
825,971392
830,983872
829,996352
830,1008832
825,1022352
825,1035872
826,1049392
829,1062912
827,1076432
832,1089952
829,1103472
825,1116992
825,1130512
836,1144032
826,1157552
821,1171072
826,1184592
823,1198112
820,1211632
847,1225152
831,1238672
825,1252192
829,1265712
824,1279232
821,1292752
828,1306272
831,1319792
827,1333312
825,1346832
826,1360352
820,1373872
833,1387392
828,1400912
822,1414432
822,1427952
825,1441472
825,1454992
845,1468512
833,1482032
823,1495552
822,1509072
827,1522592
821,1536112
829,1549632
843,1563152
825,1576672
826,1590192
825,1603712
823,1617232
826,1630752
827,1644272
830,1657792
823,1671312
825,1684832
829,1698352
837,1711872
831,1725392
821,1738912
825,1752432
827,1765952
827,1779472
822,1792992
846,1806512
822,1820032
821,1833552
827,1847072
834,1860592
824,1874112
830,1887632
823,1901152
822,1914672
825,1928192
829,1941712
836,1955232
829,1968752
826,1982272
820,1995792
825,2009312
830,2022832
819,2036352
836,2049872
827,2063392
820,2076912
826,2090432
832,2103952
827,2117472
822,2130992
825,2144512
825,2158032
823,2171552
825,2185072
837,2198592
826,2212112
824,2225632
826,2239152
821,2252672
831,2266192
826,2279712
832,2293232
828,2306752
828,2320272
826,2333792
830,2347312
828,2360832
823,2374352
823,2387872
824,2401392
828,2414912
834,2428432
831,2441952
821,2455472
825,2468992
827,2482512
828,2496032
826,2509552
825,2523072
824,2536592
824,2550112
828,2563632
845,2577152
829,2590672
828,2604192
823,2617712
820,2631232
827,2644752
822,2658272
838,2671792
831,2685312
823,2698832
821,2712352
829,2725872
831,2739392
822,2752912
838,2766432
824,2779952
823,2793472
824,2806992
842,2820512
823,2834032
824,2847552
830,2861072
820,2874592
828,2888112
829,2901632
845,2915152
827,2928672
824,2942192
823,2955712
821,2969232
833,2982752
825,2996272
840,3009792
825,3023312
822,3036832
821,3050352
839,3063872
827,3077392
820,3090912
830,3104432
822,3117952
824,3131472
829,3144992
839,3158512
819,3172032
823,3185552
827,3199072
831,3212592
828,3226112
830,3239632
819,3253152
826,3266672
828,3280192
825,3293712
836,3307232
831,3320752
818,3334272
826,3347792
829,3361312
828,3374832
828,3388352
841,3401872
823,3415392
821,3428912
830,3442432
830,3455952
825,3469472
830,3482992
820,3496512
825,3510032
827,3523552
834,3537072
828,3550592
831,3564112
821,3577632
825,3591152
829,3604672
827,3618192
819,3631712
833,3645232
826,3658752
820,3672272
828,3685792
834,3699312
821,3712832
829,3726352
827,3739872
820,3753392
830,3766912
842,3780432
827,3793952
823,3807472
827,3820992
820,3834512
832,3848032
829,3861552
836,3875072
823,3888592
824,3902112
826,3915632
836,3929152
831,3942672
821,3956192
827,3969712
827,3983232
823,3996752
826,4010272
842,4023792
828,4037312
826,4050832
827,4064352
824,4077872
831,4091392
826,4104912
844,4118432
824,4131952
827,4145472
823,4158992
833,4172512
831,4186032
826,4199552
821,4213072
831,4226592
824,4240112
827,4253632
836,4267152
832,4280672
821,4294192
826,4307712
825,4321232
827,4334752
825,4348272
842,4361792
819,4375312
822,4388832
827,4402352
834,4415872
829,4429392
830,4442912
823,4456432
824,4469952
833,4483472
824,4496992
835,4510512
823,4524032
822,4537552
823,4551072
834,4564592
825,4578112
826,4591632
825,4605152
826,4618672
821,4632192
842,4645712
830,4659232
825,4672752
826,4686272
824,4699792
825,4713312
828,4726832
831,4740352
831,4753872
824,4767392
830,4780912
823,4794432
831,4807952
829,4821472
826,4834992
824,4848512
828,4862032
825,4875552
843,4889072
829,4902592
827,4916112
820,4929632
828,4943152
826,4956672
824,4970192
843,4983712
828,4997232
823,5010752
824,5024272
828,5037792
828,5051312
827,5064832
831,5078352
820,5091872
829,5105392
828,5118912
837,5132432
829,5145952
826,5159472
820,5172992
826,5186512
829,5200032
826,5213552
843,5227072
824,5240592
825,5254112
828,5267632
837,5281152
826,5294672
821,5308192
830,5321712
821,5335232
826,5348752
828,5362272
836,5375792
827,5389312
826,5402832
824,5416352
826,5429872
831,5443392
826,5456912
837,5470432
830,5483952
824,5497472
825,5510992
837,5524512
831,5538032
822,5551552
825,5565072
828,5578592
824,5592112
829,5605632
839,5619152
826,5632672
825,5646192
830,5659712
822,5673232
829,5686752
832,5700272
837,5713792
825,5727312
827,5740832
823,5754352
832,5767872
833,5781392
825,5794912
823,5808432
826,5821952
826,5835472
828,5848992
840,5862512
825,5876032
824,5889552
828,5903072
832,5916592
826,5930112
828,5943632
828,5957152
824,5970672
829,5984192
845,5997712
829,6011232
831,6024752
823,6038272
820,6051792
830,6065312
827,6078832
836,6092352
837,6105872
828,6119392
824,6132912
828,6146432
833,6159952
825,6173472
836,6186992
829,6200512
823,6214032
825,6227552
844,6241072
828,6254596
827,6268112
827,6281632
823,6295152
825,6308672
833,6322192
845,6335712
830,6349232
825,6362752
826,6376272
824,6389792
836,6403312
827,6416832
836,6430352
829,6443872
825,6457392
825,6470912
840,6484432
831,6497952
822,6511472
825,6524992
829,6538512
828,6552032
829,6565552
841,6579072
823,6592592
824,6606112
830,6619632
831,6633152
828,6646672
831,6660192
823,6673712
824,6687232
829,6700752
825,6714272
834,6727792
829,6741312
823,6754832
823,6768352
826,6781872
823,6795392
823,6808912
839,6822432
822,6835952
823,6849472
825,6862992
833,6876512
826,6890032
826,6903552
822,6917072
823,6930592
826,6944112
832,6957632
835,6971152
828,6984672
827,6998192
822,7011712
827,7025232
829,7038752
828,7052272
837,7065792
827,7079312
821,7092832
829,7106352
835,7119872
825,7133392
826,7146912
824,7160432
825,7173952
826,7187472
842,7200992
829,7214512
825,7228032
826,7241552
822,7255072
827,7268592
828,7282112
837,7295632
823,7309152
824,7322672
829,7336192
840,7349712
829,7363232
826,7376752
818,7390272
825,7403792
827,7417312
821,7430832
846,7444352
827,7457872
820,7471392
829,7484912
826,7498432
826,7511952
824,7525472
844,7538992
823,7552512
822,7566032
826,7579552
836,7593072
832,7606592
830,7620112
821,7633632
827,7647152
825,7660672
827,7674192
836,7687712
835,7701232
820,7714752
824,7728272
829,7741792
827,7755312
823,7768832
846,7782352
821,7795872
823,7809392
827,7822912
834,7836432
824,7849952
827,7863472
822,7876992
821,7890512
831,7904032
825,7917552
834,7931072
821,7944592
826,7958112
821,7971632
837,7985152
829,7998672
824,8012192
825,8025712
827,8039232
822,8052752
831,8066272
835,8079792
825,8093312
825,8106832
830,8120352
821,8133872
828,8147392
830,8160912
830,8174432
821,8187952
830,8201472
821,8214992
832,8228512
830,8242032
821,8255552
824,8269072
827,8282592
822,8296112
836,8309632
837,8323152
828,8336672
820,8350192
828,8363712
826,8377232
821,8390752
838,8404272
832,8417792
823,8431312
825,8444832
828,8458352
827,8471872
827,8485392
825,8498912
823,8512432
825,8525952
829,8539472
843,8552992
826,8566512
823,8580032
820,8593552
827,8607072
829,8620592
827,8634112
840,8647632
830,8661152
822,8674672
824,8688192
843,8701712
824,8715232
825,8728752
827,8742272
820,8755792
827,8769312
827,8782832
836,8796352
829,8809872
829,8823392
827,8836912
819,8850436
829,8863952
829,8877472
845,8890992
825,8904512
825,8918032
824,8931552
836,8945072
828,8958592
824,8972112
826,8985632
823,8999152
821,9012672
827,9026192
836,9039712
827,9053232
821,9066752
828,9080272
825,9093792
826,9107312
825,9120832
836,9134352
823,9147872
825,9161392
825,9174912
833,9188432
830,9201952
821,9215472
824,9228992
827,9242512
825,9256032
826,9269552
834,9283072
823,9296592
823,9310112
827,9323632
833,9337152
830,9350672
826,9364192
825,9377712
824,9391232
826,9404752
837,9418272
832,9431792
827,9445312
822,9458832
822,9472352
825,9485872
831,9499392
830,9512912
831,9526432
824,9539952
826,9553472
823,9566992
832,9580512
825,9594032
824,9607552
827,9621072
822,9634592
821,9648112
849,9661632
830,9675152
822,9688672
827,9702192
825,9715712
826,9729232
828,9742752
845,9756272
829,9769792
824,9783312
825,9796832
822,9810352
827,9823872
827,9837392
832,9850912
826,9864432
825,9877952
825,9891472
839,9904992
828,9918512
823,9932032
821,9945552
829,9959072
827,9972592
825,9986112
848,9999632
825,10013152
825,10027712
827,10042272
824,10056832
825,10071392
827,10085952
835,10100512
826,10115072
823,10129632
844,10144192
828,10158752
822,10173312
822,10187872
825,10202432
828,10216992
824,10231552
834,10246112
827,10260672
825,10275232
824,10289792
826,10304352
825,10318912
825,10333472
823,10348032
827,10362592
826,10377152
830,10391712
827,10406272
825,10420832
826,10435392
820,10449952
829,10464512
826,10479072
827,10493632
824,10508192
830,10522752
833,10537312
827,10551872
821,10566432
830,10580996
822,10595552
822,10610112
828,10624672
836,10639232
826,10653792
823,10668352
832,10682912
826,10697472
822,10712032
823,10726592
827,10741152
823,10755712
844,10770272
833,10784832
830,10799392
831,10813952
830,10828512
825,10843072
828,10857632
824,10872192
827,10886752
825,10901312
841,10915872
826,10930432
825,10944992
838,10959552
819,10974112
821,10988672
831,11003232
823,11017792
821,11032352
827,11046912
839,11061472
828,11076032
825,11090592
840,11105152
827,11119712
821,11134272
824,11148832
826,11163392
828,11177952
825,11192512
837,11207072
831,11221632
824,11236192
824,11250752
825,11265312
827,11279872
820,11294432
826,11308992
828,11323552
830,11338112
835,11352672
825,11367232
829,11381792
825,11396352
824,11410912
824,11425472
830,11440032
829,11454592
827,11469152
825,11483712
839,11498272
825,11512832
824,11527392
827,11541952
823,11556512
822,11571072
825,11585632
836,11600192
827,11614752
821,11629312
838,11643872
823,11658432
821,11672992
826,11687552
826,11702112
824,11716672
840,11731232
831,11745792
825,11760352
827,11774912
826,11789472
825,11804032
827,11818592
819,11833152
824,11847712
833,11862272
845,11876832
828,11891392
828,11905952
826,11920512
821,11935072
823,11949632
823,11964192
824,11978752
827,11993312
823,12007872
844,12022432
834,12036992
822,12051552
825,12066112
829,12080672
824,12095232
823,12109792
823,12124352
832,12138912
827,12153472
840,12168032
831,12182592
823,12197152
822,12211712
824,12226272
831,12240832
823,12255392
823,12269952
827,12284512
830,12299072
838,12313632
826,12328192
826,12342752
825,12357312
823,12371872
822,12386432
825,12400992
834,12415552
824,12430112
827,12444672
837,12459232
829,12473792
823,12488352
822,12502912
824,12517472
824,12532032
826,12546592
833,12561152
830,12575712
819,12590272
836,12604832
827,12619392
821,12633952
824,12648512
825,12663072
826,12677632
830,12692192
829,12706752
833,12721312
829,12735872
832,12750432
822,12764992
825,12779552
825,12794112
823,12808672
827,12823232
837,12837792
833,12852352
826,12866912
825,12881472
825,12896032
825,12910592
825,12925152
828,12939712
826,12954272
824,12968832
844,12983392
836,12997952
826,13012512
823,13027072
826,13041632
826,13056192
824,13070752
829,13085312
834,13099872
825,13114432
843,13128992
829,13143552
829,13158112
823,13172672
820,13187232
827,13201792
822,13216352
820,13230912
831,13245472
827,13260032
843,13274592
827,13289152
823,13303712
826,13318272
825,13332832
826,13347392
823,13361952
837,13376512
827,13391072
822,13405632
847,13420192
830,13434752
820,13449312
828,13463872
829,13478432
823,13492992
825,13507552
839,13522112
825,13536672
827,13551232
837,13565792
827,13580352
822,13594912
823,13609472
824,13624032
830,13638592
823,13653152
832,13667712
830,13682272
825,13696832
838,13711392
819,13725952
825,13740512
827,13755072
820,13769632
828,13784192
827,13798752
831,13813312
824,13827872
830,13842436
824,13856992
826,13871552
822,13886112
825,13900672
826,13915232
823,13929792
829,13944352
836,13958912
830,13973472
822,13988032
825,14002592
830,14017152
823,14031712
823,14046272
830,14060832
827,14075392
831,14089952
830,14104512
830,14119072
823,14133632
821,14148192
827,14162752
824,14177312
827,14191872
826,14206432
826,14220992
837,14235552
830,14250112
822,14264672
824,14279232
825,14293792
823,14308356
823,14322912
836,14337472
830,14352032
821,14366592
842,14381152
829,14395712
824,14410272
824,14424832
826,14439392
822,14453952
824,14468512
839,14483072
828,14497632
826,14512192
837,14526752
827,14541312
825,14555872
823,14570432
823,14584992
825,14599552
826,14614112
832,14628672
832,14643232
826,14657792
842,14672352
821,14686912
827,14701472
825,14716032
824,14730592
827,14745152
826,14759712
837,14774272
827,14788832
825,14803392
828,14817952
824,14832512
823,14847072
825,14861632
827,14876192
824,14890752
828,14905312
836,14919872
828,14934432
821,14948992
822,14963552
825,14978112
824,14992672
822,15007232
830,15021792
828,15036352
827,15050912
834,15065472
829,15080032
827,15094592
818,15109152
821,15123712
828,15138272
825,15152832
828,15167392
828,15181952
831,15196512
828,15211072
823,15225632
825,15240192
825,15254752
824,15269312
826,15283872
841,15298432
830,15312992
823,15327552
833,15342112
837,15356672
822,15371232
821,15385792
828,15400352
826,15414912
821,15429472
840,15444032
832,15458592
826,15473152
832,15487712
826,15502272
822,15516832
823,15531392
824,15545952
827,15560512
826,15575072
838,15589632
828,15604192
830,15618752
839,15633312
819,15647872
823,15662432
828,15676992
825,15691552
829,15706112
828,15720672
837,15735232
827,15749792
823,15764352
824,15778912
827,15793472
822,15808032
825,15822592
829,15837152
828,15851712
825,15866272
839,15880832
827,15895392
819,15909952
823,15924512
826,15939072
823,15953632
826,15968192
835,15982752
829,15997312
828,16011872
835,16026432
829,16040992
829,16055552
825,16070112
825,16084672
829,16099232
827,16113792
828,16128352
831,16142912
825,16157472
833,16172032
822,16186592
825,16201152
827,16215712
821,16230272
827,16244832
842,16259392
829,16273952
825,16288512
825,16303072
838,16317632
820,16332192
823,16346752
824,16361312
827,16375872
824,16390432
845,16404992
832,16419552
826,16434112
823,16448672
823,16463232
827,16477792
823,16492352
822,16506912
825,16521472
831,16536032
841,16550592
831,16565152
826,16579712
832,16594272
823,16608832
824,16623392
827,16637952
822,16652512
825,16667072
829,16681632
842,16696192
826,16710752
823,16725312
827,16739872
824,16754432
825,16768992
826,16783552
825,16798112
828,16812672
823,16827232
838,16841792
829,16856352
823,16870912
822,16885472
824,16900032
830,16914592
821,16929152
833,16943712
832,16958272
827,16972832
832,16987392
830,17001952
824,17016512
823,17031072
822,17045632
825,17060192
828,17074752
831,17089312
824,17103876
829,17118432
835,17132992
818,17147552
824,17162112
830,17176672
823,17191232
823,17205792
838,17220352
833,17234912
827,17249472
823,17264032
837,17278592
824,17293152
823,17307712
823,17322272
825,17336832
829,17351392
839,17365952
830,17380512
826,17395072
823,17409632
824,17424192
829,17438752
826,17453312
820,17467872
827,17482432
825,17496992
842,17511552
827,17526112
827,17540672
824,17555232
824,17569792
823,17584352
824,17598912
827,17613472
824,17628032
828,17642592
847,17657152
825,17671712
824,17686272
829,17700832
825,17715392
822,17729952
823,17744512
824,17759072
832,17773632
824,17788192
845,17802752
833,17817312
823,17831872
820,17846432
826,17860992
824,17875552
825,17890112
833,17904672
830,17919232
823,17933792
836,17948352
829,17962912
828,17977472
824,17992032
824,18006592
824,18021152
829,18035712
835,18050272
824,18064832
829,18079392
839,18093952
818,18108512
822,18123072
828,18137632
826,18152192
821,18166752
829,18181312
835,18195872
824,18210432
827,18224992
837,18239552
827,18254112
821,18268672
827,18283232
827,18297792
825,18312352
834,18326912
834,18341472
830,18356032
821,18370592
826,18385152
824,18399712
824,18414272
824,18428832
824,18443392
830,18457952
835,18472512
827,18487072
826,18501632
827,18516192
823,18530752
821,18545312
830,18559872
825,18574432
829,18588992
825,18603552
842,18618112
827,18632672
822,18647232
825,18661792
828,18676352
824,18690912
825,18705472
826,18720032
829,18734592
827,18749152
838,18763712
831,18778272
823,18792832
822,18807392
826,18821952
825,18836512
827,18851072
833,18865632
831,18880192
825,18894752
845,18909312
827,18923872
823,18938432
824,18952992
825,18967552
827,18982112
827,18996672
834,19011232
827,19025792
828,19040352
847,19054912
821,19069472
827,19084032
826,19098592
826,19113152
823,19127712
826,19142272
839,19156832
825,19171392
824,19185952
841,19200512
826,19215072
820,19229632
826,19244192
824,19258752
829,19273312
826,19287872
833,19302432
832,19316992
828,19331552
825,19346112
824,19360672
830,19375232
821,19389792
824,19404352
830,19418912
824,19433472
831,19448032
826,19462592
826,19477152
824,19491712
824,19506272
825,19520832
828,19535392
830,19549952
823,19564512
829,19579072
836,19593632
828,19608192
823,19622752
824,19637312
827,19651872
819,19666432
826,19680992
832,19695552
829,19710112
835,19724672
832,19739232
825,19753792
825,19768352
824,19782912
826,19797472
822,19812032
835,19826592
829,19841152
830,19855712
835,19870272
827,19884832
826,19899392
825,19913952
823,19928512
822,19943072
829,19957632
841,19972192
827,19986752
825,20001312
842,20015872
821,20030432
821,20044992
825,20059552
827,20074112
820,20088672
826,20103232
837,20117792
833,20132352
824,20146912
843,20161472
821,20176032
824,20190592
822,20205152
823,20219712
829,20234272
826,20248832
834,20263392
829,20277952
829,20292512
822,20307072
822,20321632
825,20336192
828,20350752
826,20365312
828,20379872
828,20394432
835,20408992
822,20423552
824,20438112
828,20452672
825,20467232
826,20481792
825,20496352
833,20510912
826,20525472
823,20540032
836,20554592
826,20569152
822,20583712
824,20598272
828,20612832
824,20627392
827,20641952
831,20656512
825,20671072
826,20685632
832,20700192
828,20714752
824,20729312
822,20743872
826,20758432
826,20772992
841,20787552
832,20802112
830,20816672
821,20831232
833,20845792
826,20860352
822,20874912
822,20889472
822,20904032
829,20918592
850,20933152
826,20947712
824,20962272
838,20976832
822,20991392
820,21005952
828,21020512
827,21035072
821,21049632
825,21064192
845,21078752
831,21093312
822,21107872
831,21122432
827,21136992
825,21151552
823,21166112
825,21180672
833,21195232
828,21209792
835,21224352
829,21238912
828,21253472
825,21268032
824,21282592
826,21297152
825,21311712
826,21326272
825,21340832
832,21355392
838,21369952
825,21384512
826,21399072
826,21413632
822,21428192
825,21442752
832,21457312
836,21471872
825,21486432
826,21500992
835,21515552
824,21530112
825,21544672
826,21559232
823,21573792
822,21588352
822,21602912
834,21617472
826,21632032
822,21646592
835,21661152
826,21675712
824,21690272
825,21704832
826,21719392
824,21733952
838,21748512
828,21763072
830,21777632
824,21792192
832,21806752
824,21821312
827,21835872
822,21850432
819,21864992
826,21879552
840,21894112
830,21908672
823,21923232
826,21937792
824,21952352
827,21966912
823,21981472
827,21996032
826,22010592
826,22025152
844,22039712
836,22054272
827,22068832
822,22083392
827,22097952
827,22112512
823,22127072
827,22141632
831,22156192
825,22170752
845,22185312
830,22199872
825,22214432
826,22228992
821,22243552
827,22258112
825,22272672
825,22287232
828,22301792
829,22316352
843,22330912
823,22345472
825,22360032
828,22374592
824,22389152
823,22403712
824,22418272
838,22432832
824,22447392
824,22461952
845,22476512
831,22491072
820,22505632
827,22520192
827,22534752
820,22549312
824,22563872
836,22578432
828,22592992
823,22607552
835,22622112
825,22636672
827,22651232
823,22665792
822,22680352
827,22694912
830,22709472
832,22724032
829,22738592
829,22753152
835,22767712
822,22782272
824,22796832
826,22811392
821,22825952
828,22840512
837,22855072
831,22869632
824,22884192
827,22898752
826,22913312
821,22927872
825,22942432
828,22956992
826,22971552
822,22986112
839,23000672
834,23015232
824,23029792
826,23044352
823,23058912
825,23073472
825,23088032
823,23102592
829,23117152
828,23131712
840,23146272
832,23160832
830,23175392
821,23189952
822,23204512
824,23219072
829,23233632
823,23248192
827,23262752
828,23277312
845,23291872
828,23306432
821,23320992
827,23335552
823,23350112
820,23364672
828,23379232
840,23393792
828,23408352
824,23422912
847,23437472
827,23452032
819,23466592
824,23481152
828,23495712
828,23510272
824,23524832
837,23539392
831,23553952
824,23568512
843,23583072
824,23597632
826,23612192
820,23626752
825,23641312
827,23655872
823,23670432
831,23684992
827,23699552
826,23714112
836,23728672
824,23743232
826,23757792
824,23772352
826,23786912
825,23801472
829,23816032
835,23830592
822,23845152
824,23859712
829,23874272
823,23888832
821,23903392
829,23917952
827,23932512
824,23947072
829,23961632
833,23976192
828,23990752
821,24005312
824,24019872
828,24034432
825,24048992
822,24063552
832,24078112
829,24092672
831,24107232
830,24121792
829,24136352
828,24150912
824,24165472
822,24180032
827,24194592
822,24209152
829,24223712
829,24238272
840,24252832
828,24267392
822,24281952
824,24296512
828,24311072
822,24325632
824,24340192
842,24354752
825,24369312
825,24383872
842,24398432
828,24412992
825,24427552
822,24442112
825,24456672
826,24471232
824,24485792
836,24500352
833,24514912
827,24529472
836,24544032
826,24558592
823,24573152
821,24587712
826,24602272
827,24616832
828,24631392
837,24645952
829,24660512
827,24675072
843,24689632
819,24704192
824,24718752
829,24733312
824,24747872
826,24762432
825,24776992
836,24791552
826,24806112
824,24820672
829,24835232
826,24849792
820,24864352
825,24878912
829,24893472
828,24908032
823,24922592
834,24937152
828,24951712
822,24966272
824,24980832
832,24995392
827,25009952
823,25024512
833,25039072
833,25053632
827,25068192
832,25082752
832,25097312
828,25111872
824,25126432
825,25140992
828,25155552
825,25170112
828,25184672
829,25199232
828,25213792
834,25228352
819,25242912
825,25257472
827,25272032
823,25286592
823,25301152
847,25315712
828,25330272
828,25344832
833,25359392
832,25373952
824,25388512
821,25403072
826,25417632
824,25432192
826,25446752
835,25461312
829,25475872
827,25490432
831,25504992
822,25519552
825,25534112
826,25548672
821,25563232
827,25577792
827,25592352
837,25606912
829,25621472
828,25636032
838,25650592
818,25665152
825,25679712
831,25694272
824,25708832
829,25723392
828,25737952
838,25752512
826,25767072
823,25781632
823,25796192
822,25810752
819,25825312
823,25839872
827,25854432
828,25868992
825,25883552
839,25898112
829,25912672
823,25927232
822,25941792
824,25956352
827,25970912
823,25985472
831,26000032
829,26014592
830,26029152
830,26043712
829,26058272
828,26072832
826,26087392
824,26101952
828,26116512
828,26131072
833,26145632
827,26160192
824,26174752
840,26189312
823,26203872
821,26218432
829,26232992
826,26247552
821,26262112
841,26276672
834,26291232
821,26305792
827,26320352
834,26334912
823,26349472
823,26364032
825,26378592
829,26393152
826,26407712
838,26422272
829,26436832
831,26451392
822,26465952
821,26480512
829,26495072
826,26509632
822,26524192
823,26538752
828,26553312
845,26567872
829,26582432
826,26596992
826,26611552
822,26626112
823,26640672
826,26655232
825,26669792
829,26684352
828,26698912
844,26713472
827,26728032
822,26742592
826,26757152
827,26771712
823,26786272
823,26800832
827,26815392
830,26829952
823,26844512
840,26859072
832,26873632
824,26888192
822,26902752
822,26917312
824,26931872
826,26946432
830,26960992
827,26975552
826,26990112
835,27004672
828,27019232
827,27033792
822,27048352
823,27062912
825,27077472
830,27092032
830,27106592
825,27121152
828,27135712
839,27150272
819,27164832
823,27179392
825,27193952
827,27208512
822,27223072
834,27237632
833,27252192
829,27266752
824,27281312
837,27295872
826,27310432
819,27324992
824,27339552
831,27354112
824,27368672
835,27383232
830,27397792
826,27412352
824,27426912
825,27441472
825,27456032
826,27470592
821,27485152
825,27499712
829,27514272
841,27528832
826,27543392
823,27557952
826,27572512
822,27587072
821,27601632
829,27616192
829,27630752
827,27645312
823,27659872
843,27674432
829,27688992
827,27703552
822,27718112
825,27732672
828,27747232
825,27761792
825,27776352
832,27790912
826,27805472
841,27820032
835,27834592
825,27849152
825,27863712
825,27878272
828,27892832
823,27907392
831,27921952
827,27936512
826,27951072
842,27965632
829,27980192
829,27994752
829,28009312
825,28023872
825,28038432
830,28052992
833,28067552
828,28082112
829,28096672
841,28111232
822,28125792
822,28140352
825,28154912
829,28169472
824,28184032
825,28198592
837,28213152
828,28227712
822,28242272
834,28256832
827,28271392
823,28285952
822,28300512
826,28315072
826,28329632
823,28344192
833,28358752
832,28373312
827,28387872
821,28402432
826,28416992
825,28431552
824,28446112
824,28460672
829,28475232
839,28489792
826,28504352
825,28518912
828,28533472
827,28548032
819,28562592
823,28577152
826,28591712
829,28606272
829,28620832
839,28635392
831,28649952
823,28664512
822,28679072
827,28693632
827,28708192
821,28722752
830,28737312
830,28751872
826,28766432
839,28780992
831,28795552
823,28810112
823,28824672
823,28839232
825,28853792
831,28868352
835,28882912
828,28897472
831,28912032
841,28926592
827,28941152
823,28955712
823,28970272
822,28984832
823,28999392
829,29013952
837,29028512
826,29043072
823,29057632
847,29072192
819,29086752
820,29101312
828,29115872
829,29130432
825,29144992
825,29159552
839,29174112
824,29188672
824,29203232
837,29217792
824,29232352
824,29246912
823,29261472
824,29276032
831,29290592
822,29305152
832,29319712
832,29334272
829,29348832
822,29363392
821,29377952
829,29392512
827,29407072
819,29421632
829,29436192
828,29450752
833,29465312
826,29479872
824,29494432
826,29508992
821,29523552
827,29538112
827,29552672
829,29567232
825,29581792
831,29596352
832,29610912
827,29625472
820,29640032
827,29654592
825,29669152
824,29683712
827,29698272
829,29712832
829,29727392
831,29741952
829,29756512
827,29771072
821,29785632
825,29800192
829,29814752
826,29829312
833,29843872
830,29858432
826,29872992
836,29887552
829,29902112
825,29916672
828,29931232
824,29945792
825,29960352
829,29974912
843,29989472
824,30004032
826,30018592
842,30033152
824,30047712
824,30062272
824,30076832
829,30091392
825,30105952
823,30120512
836,30135072
832,30149632
825,30164192
839,30178752
823,30193312
823,30207872
821,30222432
826,30236992
828,30251552
827,30266112
833,30280672
830,30295232
826,30309792
822,30324352
822,30338912
826,30353472
824,30368032
826,30382592
825,30397152
831,30411712
832,30426272
827,30440832
823,30455392
826,30469952
822,30484512
824,30499072
829,30513632
833,30528192
825,30542752
824,30557312
836,30571872
827,30586432
820,30600992
826,30615552
826,30630112
822,30644672
822,30659232
832,30673792
832,30688352
823,30702912
831,30717472
825,30732032
825,30746592
821,30761152
824,30775712
827,30790272
840,30804832
829,30819392
826,30833952
830,30848512
829,30863072
824,30877632
828,30892192
826,30906752
821,30921312
829,30935872
844,30950432
829,30964992
827,30979552
837,30994112
826,31008672
822,31023232
823,31037792
828,31052352
830,31066912
823,31081472
838,31096032
832,31110592
828,31125152
837,31139712
825,31154272
826,31168832
821,31183392
826,31197952
828,31212512
829,31227072
837,31241632
829,31256192
829,31270752
822,31285312
820,31299872
828,31314432
827,31328992
823,31343552
825,31358112
830,31372672
835,31387232
823,31401792
825,31416352
829,31430912
824,31445472
822,31460032
823,31474592
834,31489152
825,31503712
825,31518272
837,31532832
829,31547392
821,31561952
823,31576512
825,31591072
825,31605632
822,31620192
832,31634752
831,31649312
821,31663872
835,31678432
823,31692992
824,31707552
824,31722112
824,31736672
826,31751232
840,31765792
828,31780352
829,31794912
828,31809472
832,31824032
821,31838592
826,31853152
822,31867712
822,31882272
827,31896832
843,31911392
830,31925952
822,31940512
827,31955072
826,31969632
824,31984192
826,31998752
824,32013312
830,32027872
821,32042432
849,32056992
834,32071552
826,32086112
831,32100672
827,32115232
824,32129792
825,32144352
824,32158912
829,32173472
828,32188032
837,32202592
826,32217152
828,32231712
825,32246272
822,32260832
822,32275392
826,32289952
823,32304512
825,32319072
831,32333632
838,32348192
827,32362752
821,32377312
827,32391872
824,32406432
824,32420992
826,32435552
832,32450112
830,32464672
820,32479236
841,32493792
828,32508352
824,32522912
823,32537472
826,32552032
825,32566592
827,32581152
831,32595712
829,32610272
828,32624832
836,32639392
823,32653952
823,32668512
824,32683072
826,32697632
824,32712192
837,32726752
830,32741312
824,32755872
829,32770432
836,32784992
822,32799552
826,32814112
825,32828672
827,32843232
824,32857792
840,32872352
833,32886912
825,32901472
827,32916032
826,32930592
821,32945152
823,32959712
823,32974272
826,32988832
827,33003392
839,33017952
832,33032512
830,33047072
820,33061632
826,33076192
825,33090752
826,33105312
822,33119872
831,33134432
830,33148992
841,33163552
831,33178112
827,33192672
824,33207232
824,33221792
824,33236352
828,33250912
829,33265472
829,33280032
826,33294592
845,33309152
827,33323712
820,33338272
829,33352832
827,33367392
820,33381952
826,33396512
836,33411072
830,33425632
822,33440192
841,33454752
832,33469312
825,33483872
823,33498432
823,33512992
825,33527552
826,33542112
830,33556672
828,33571232
828,33585792
838,33600352
825,33614912
829,33629472
825,33644032
823,33658592
824,33673152
828,33687712
833,33702272
828,33716832
828,33731392
837,33745952
823,33760512
821,33775072
829,33789632
825,33804192
824,33818752
833,33833312
834,33847872
823,33862432
823,33876992
825,33891552
826,33906112
822,33920672
823,33935232
826,33949792
827,33964352
834,33978912
832,33993472
832,34008032
825,34022592
823,34037152
825,34051712
826,34066272
822,34080832
830,34095392
827,34109952
837,34124512
832,34139072
826,34153632
822,34168192
823,34182752
824,34197312
831,34211872
827,34226432
825,34240992
827,34255552
841,34270112
831,34284672
820,34299232
827,34313792
824,34328352
824,34342912
823,34357472
836,34372032
834,34386592
824,34401152
843,34415712
829,34430272
825,34444832
821,34459392
825,34473952
827,34488512
822,34503072
834,34517632
830,34532192
827,34546752
843,34561312
820,34575872
829,34590432
826,34604992
820,34619552
827,34634112
826,34648672
834,34663232
823,34677792
826,34692352
840,34706912
821,34721472
824,34736032
828,34750592
825,34765152
824,34779712
825,34794272
836,34808832
828,34823392
823,34837952
821,34852512
828,34867072
826,34881632
820,34896192
829,34910752
828,34925312
821,34939872
832,34954432
831,34968992
820,34983552
825,34998112
827,35012672
824,35027232
825,35041792
829,35056352
827,35070912
828,35085472
833,35100032
827,35114592
824,35129152
825,35143712
821,35158272
825,35172832
828,35187392
827,35201952
822,35216512
837,35231072
835,35245632
822,35260192
825,35274756
832,35289312
827,35303872
821,35318432
843,35332992
831,35347552
823,35362112
836,35376672
835,35391232
823,35405792
823,35420352
826,35434912
826,35449472
828,35464032
836,35478592
830,35493152
827,35507712
839,35522272
821,35536832
829,35551392
828,35565952
824,35580512
824,35595072
828,35609632
837,35624192
826,35638752
825,35653312
848,35667872
822,35682432
821,35696992
828,35711552
827,35726112
825,35740672
825,35755232
839,35769792
827,35784352
823,35798912
824,35813472
828,35828032
822,35842592
821,35857152
828,35871712
830,35886272
822,35900832
833,35915392
832,35929952
827,35944512
821,35959072
824,35973632
829,35988192
824,36002752
829,36017312
828,36031872
829,36046432
832,36060992
826,36075552
826,36090112
824,36104672
822,36119232
822,36133792
826,36148352
830,36162912
824,36177472
828,36192032
837,36206592
823,36221152
820,36235712
828,36250272
826,36264832
821,36279392
846,36293952
831,36308512
825,36323072
835,36337632
832,36352192
828,36366752
823,36381312
821,36395872
827,36410432
826,36424992
837,36439552
830,36454112
829,36468672
837,36483232
822,36497792
823,36512352
825,36526912
825,36541472
824,36556032
827,36570592
838,36585152
825,36599712
827,36614272
840,36628832
823,36643392
818,36657952
823,36672512
828,36687072
830,36701632
823,36716192
839,36730752
829,36745312
825,36759872
824,36774432
826,36788992
823,36803552
822,36818112
826,36832672
831,36847232
823,36861792
833,36876352
832,36890912
825,36905472
823,36920032
822,36934592
824,36949152
827,36963712
830,36978272
828,36992832
831,37007392
834,37021952
825,37036512
828,37051072
829,37065632
826,37080192
822,37094752
829,37109312
835,37123872
823,37138432
823,37152992
836,37167552
825,37182112
823,37196672
824,37211232
826,37225792
821,37240352
841,37254912
834,37269472
824,37284032
826,37298592
831,37313152
827,37327712
825,37342272
825,37356832
828,37371392
831,37385952
840,37400512
830,37415072
827,37429632
827,37444192
823,37458752
822,37473312
824,37487872
828,37502432
823,37516992
825,37531552
848,37546112
827,37560672
821,37575232
837,37589792
827,37604352
819,37618912
824,37633472
828,37648032
830,37662592
822,37677152
839,37691712
829,37706272