829,688
827,1076
822,1488
824,1904
827,2336
822,8352
828,18752
830,30192
819,41632
836,53072
827,64512
824,75952
826,87392
836,98832
826,110272
819,122752
827,135232
832,147712
830,160192
826,172672
821,185152
837,197636
829,210112
824,222592
827,235072
827,247552
825,260032
830,272512
820,284992
834,297472
826,309952
821,322432
830,334912
823,347392
828,359872
829,372352
823,384832
825,397312
829,409792
833,422272
829,434752
824,447232
827,459712
839,472192
820,484672
829,497152
828,509632
845,522112
832,534592
823,547072
824,559552
842,572032
826,584512
825,596992
827,609472
834,621952
831,634432
823,646912
823,659392
835,671872
826,684352
827,696832
823,709312
824,721792
833,734272
823,746752
822,759232
825,771712
826,784192
825,796672
826,809152
819,821632
828,834112
825,846592
826,859072
824,871552
826,884032
830,896512
832,908992
826,921472
827,933952
836,946432
836,958912
826,971392
819,983872
844,996352
833,1008832
821,1022352
826,1035872
823,1049392
824,1062912
832,1076432
839,1089952
817,1103472
827,1116992
823,1130512
833,1144032
832,1157552
829,1171072
821,1184592
826,1198112
824,1211632
826,1225152
834,1238672
829,1252192
822,1265712
822,1279232
826,1292752
826,1306272
825,1319792
839,1333312
819,1346832
822,1360352
828,1373872
833,1387392
829,1400912
828,1414432
824,1427952
821,1441472
827,1454992
834,1468512
830,1482032
828,1495552
824,1509072
822,1522592
825,1536112
828,1549632
833,1563152
834,1576672
822,1590192
821,1603712
830,1617232
829,1630752
824,1644272
837,1657792
827,1671312
817,1684832
826,1698352
837,1711872
828,1725392
824,1738912
826,1752432
821,1765952
829,1779472
830,1792992
832,1806512
825,1820032
825,1833552
822,1847072
831,1860592
828,1874112
826,1887632
821,1901152
829,1914672
826,1928192
835,1941712
836,1955232
828,1968752
825,1982272
830,1995792
824,2009312
828,2022832
831,2036352
831,2049872
820,2063392
828,2076912
825,2090432
828,2103952
830,2117472
822,2130992
820,2144512
828,2158032
827,2171552
836,2185072
832,2198592
826,2212112
820,2225632
826,2239152
825,2252672
826,2266192
843,2279712
829,2293232
824,2306752
826,2320272
826,2333792
826,2347312
825,2360832
849,2374352
823,2387872
821,2401392
830,2414912
833,2428432
829,2441952
828,2455472
823,2468992
819,2482512
831,2496032
827,2509552
832,2523072
827,2536592
822,2550112
823,2563632
834,2577152
827,2590672
824,2604192
828,2617712
825,2631232
823,2644752
841,2658272
834,2671792
821,2685312
825,2698832
827,2712352
823,2725872
824,2739392
845,2752912
830,2766432
821,2779952
827,2793472
822,2806992
827,2820512
827,2834032
840,2847552
824,2861072
827,2874592
822,2888112
832,2901632
833,2915152
827,2928672
821,2942192
828,2955712
825,2969232
823,2982752
833,2996272
829,3009792
821,3023312
826,3036832
826,3050352
824,3063872
830,3077392
837,3090912
825,3104432
823,3117952
823,3131472
827,3144992
827,3158512
824,3172032
825,3185552
825,3199072
829,3212592
838,3226112
827,3239632
827,3253152
823,3266672
824,3280192
836,3293712
827,3307232
834,3320752
824,3334272
826,3347792
822,3361312
837,3374832
832,3388352
825,3401872
827,3415392
824,3428912
825,3442432
829,3455952
838,3469472
826,3482992
826,3496512
828,3510032
828,3523552
833,3537072
829,3550592
838,3564112
824,3577632
830,3591152
823,3604672
833,3618192
833,3631712
825,3645232
824,3658752
826,3672272
820,3685792
834,3699312
833,3712832
829,3726352
824,3739872
830,3753392
821,3766912
827,3780432
831,3793952
831,3807472
823,3820992
827,3834512
824,3848032
832,3861552
831,3875072
821,3888592
824,3902112
828,3915632
826,3929152
834,3942672
831,3956192
822,3969712
819,3983232
826,3996752
832,4010272
823,4023792
843,4037312
823,4050832
820,4064352
829,4077872
837,4091392
828,4104912
828,4118432
828,4131952
823,4145472
825,4158992
832,4172512
831,4186032
825,4199552
828,4213072
824,4226592
825,4240112
832,4253632
824,4267152
832,4280672
828,4294192
826,4307712
823,4321232
833,4334752
829,4348272
826,4361792
826,4375312
824,4388832
825,4402352
847,4415872
829,4429392
827,4442912
826,4456432
826,4469952
822,4483472
829,4496992
848,4510512
827,4524032
821,4537552
829,4551072
823,4564592
829,4578112
832,4591632
841,4605152
823,4618672
826,4632192
823,4645712
836,4659232
835,4672752
819,4686272
824,4699792
831,4713312
826,4726832
825,4740352
843,4753872
820,4767392
824,4780912
831,4794432
830,4807952
826,4821472
828,4834992
827,4848512
821,4862032
828,4875552
841,4889072
828,4902592
829,4916112
825,4929632
825,4943152
827,4956672
825,4970192
838,4983712
832,4997232
827,5010752
819,5024272
826,5037792
829,5051312
827,5064832
835,5078352
824,5091872
827,5105392
825,5118912
842,5132432
827,5145952
826,5159472
828,5172992
826,5186512
824,5200032
831,5213552
836,5227072
830,5240592
824,5254112
826,5267632
821,5281152
830,5294672
824,5308192
838,5321712
825,5335232
826,5348752
822,5362272
834,5375792
826,5389312
822,5402832
825,5416352
828,5429872
826,5443392
834,5456912
833,5470432
823,5483952
823,5497472
826,5510992
828,5524512
832,5538032
836,5551552
825,5565072
827,5578592
825,5592112
838,5605632
828,5619152
828,5632672
825,5646192
823,5659712
825,5673232
829,5686752
839,5700272
830,5713792
824,5727312
827,5740832
826,5754352
828,5767872
827,5781392
838,5794912
825,5808432
826,5821952
826,5835472
835,5848992
824,5862512
831,5876032
824,5889552
824,5903072
826,5916592
825,5930112
834,5943632
826,5957152
827,5970672
823,5984192
825,5997712
833,6011232
826,6024752
831,6038272
826,6051792
821,6065312
827,6078832
832,6092352
829,6105872
826,6119392
825,6132912
825,6146432
826,6159952
845,6173472
832,6186992
824,6200512
828,6214032
826,6227552
826,6241072
829,6254592
847,6268112
820,6281632
830,6295152
823,6308672
831,6322196
829,6335712
830,6349232
822,6362752
825,6376272
829,6389792
826,6403312
835,6416832
830,6430352
822,6443872
825,6457392
830,6470912
825,6484432
829,6497952
840,6511472
824,6524992
826,6538512
827,6552032
830,6565552
827,6579072
830,6592592
825,6606112
828,6619632
830,6633152
839,6646672
827,6660192
828,6673712
827,6687232
821,6700752
830,6714272
826,6727792
838,6741312
833,6754832
828,6768352
823,6781872
827,6795392
830,6808912
822,6822432
838,6835952
826,6849472
822,6862992
828,6876512
838,6890032
825,6903552
826,6917072
826,6930592
824,6944112
832,6957632
828,6971152
836,6984672
824,6998192
827,7011712
820,7025232
833,7038752
830,7052272
821,7065792
826,7079312
825,7092832
824,7106352
838,7119876
832,7133392
827,7146912
820,7160432
831,7173952
824,7187472
827,7200992
837,7214512
834,7228032
820,7241552
829,7255072
826,7268592
827,7282112
828,7295632
839,7309152
822,7322672
828,7336192
830,7349712
836,7363232
831,7376752
825,7390272
822,7403792
825,7417312
829,7430832
825,7444352
839,7457872
829,7471392
823,7484912
823,7498432
829,7511952
830,7525472
824,7538992
845,7552512
824,7566032
825,7579552
829,7593072
833,7606592
827,7620112
826,7633632
821,7647152
826,7660672
830,7674192
824,7687712
834,7701232
824,7714752
827,7728272
821,7741792
835,7755312
825,7768832
825,7782352
829,7795872
825,7809392
825,7822912
844,7836432
829,7849952
824,7863472
824,7876992
825,7890512
823,7904032
824,7917552
848,7931072
829,7944592
824,7958112
825,7971632
825,7985152
827,7998672
827,8012192
839,8025712
822,8039232
827,8052752
824,8066272
836,8079792
832,8093312
829,8106832
822,8120352
823,8133872
824,8147392
828,8160912
838,8174432
827,8187952
822,8201472
823,8214992
826,8228512
823,8242032
826,8255552
837,8269072
822,8282592
825,8296112
828,8309632
831,8323152
827,8336672
823,8350192
821,8363712
829,8377232
830,8390752
837,8404272
834,8417792
825,8431312
825,8444832
827,8458352
829,8471872
826,8485392
835,8498912
826,8512432
823,8525952
822,8539472
838,8552992
827,8566512
825,8580032
827,8593552
823,8607072
823,8620592
828,8634112
841,8647632
828,8661152
823,8674672
823,8688192
824,8701712
832,8715232
827,8728752
831,8742272
824,8755792
829,8769312
823,8782832
833,8796352
830,8809872
820,8823392
827,8836912
824,8850436
825,8863952
837,8877472
837,8890992
825,8904512
826,8918036
827,8931552
823,8945072
825,8958592
839,8972112
829,8985632
821,8999152
829,9012672
826,9026192
826,9039712
831,9053232
830,9066752
822,9080272
827,9093792
825,9107312
838,9120832
828,9134352
826,9147872
821,9161392
828,9174912
830,9188432
821,9201952
840,9215472
826,9228992
818,9242512
823,9256032
837,9269552
826,9283072
826,9296592
825,9310112
823,9323632
825,9337152
831,9350672
831,9364192
825,9377712
826,9391232
821,9404752
825,9418272
832,9431792
826,9445312
832,9458832
830,9472352
823,9485872
824,9499392
837,9512912
829,9526432
825,9539952
829,9553472
825,9566992
826,9580512
844,9594032
833,9607552
825,9621072
828,9634592
828,9648112
821,9661632
828,9675152
845,9688672
826,9702192
823,9715712
823,9729232
822,9742752
829,9756272
832,9769792
839,9783312
823,9796832
825,9810352
825,9823872
837,9837392
830,9850912
820,9864432
826,9877952
824,9891472
827,9904992
823,9918512
835,9932032
821,9945552
824,9959072
828,9972592
831,9986112
823,9999632
829,10013152
837,10027712
822,10042272
822,10056832
824,10071392
824,10085952
828,10100512
845,10115072
829,10129632
823,10144192
831,10158752
828,10173312
827,10187872
820,10202432
827,10216992
828,10231552
826,10246112
834,10260672
829,10275232
830,10289792
837,10304352
825,10318912
825,10333472
825,10348032
823,10362592
825,10377152
832,10391712
834,10406272
824,10420832
830,10435392
824,10449952
823,10464512
821,10479072
829,10493632
828,10508192
827,10522752
826,10537312
836,10551872
831,10566432
821,10580992
827,10595552
826,10610112
824,10624672
824,10639232
835,10653792
824,10668352
838,10682912
830,10697472
827,10712032
823,10726592
823,10741152
827,10755712
826,10770272
824,10784832
831,10799392
828,10813952
845,10828512
827,10843072
821,10857632
829,10872192
825,10886752
822,10901312
825,10915872
838,10930432
824,10944992
826,10959552
836,10974112
830,10988672
819,11003232
823,11017792
825,11032352
828,11046916
824,11061472
833,11076032
830,11090592
822,11105152
830,11119712
824,11134272
829,11148832
823,11163392
821,11177952
829,11192512
845,11207072
828,11221632
826,11236192
833,11250752
833,11265312
822,11279872
824,11294432
827,11308992
820,11323552
828,11338112
841,11352672
829,11367232
825,11381792
842,11396352
822,11410912
822,11425472
821,11440032
828,11454592
829,11469152
824,11483712
835,11498272
828,11512832
828,11527392
834,11541952
822,11556512
825,11571072
828,11585632
827,11600192
828,11614752
829,11629312
833,11643872
827,11658432
823,11672992
822,11687552
822,11702112
823,11716672
829,11731232
827,11745792
822,11760352
840,11774912
835,11789472
822,11804032
825,11818592
831,11833152
825,11847712
826,11862272
823,11876832
830,11891392
825,11905952
846,11920512
828,11935072
830,11949632
822,11964192
821,11978752
829,11993312
826,12007872
821,12022432
831,12036992
826,12051552
835,12066112
826,12080672
826,12095232
827,12109792
825,12124352
824,12138912
827,12153472
830,12168032
824,12182592
827,12197152
835,12211712
825,12226272
823,12240832
825,12255392
828,12269952
823,12284512
823,12299072
832,12313632
829,12328192
829,12342752
833,12357312
826,12371872
823,12386432
821,12400992
828,12415552
828,12430112
836,12444672
828,12459232
828,12473792
842,12488352
828,12502912
827,12517472
826,12532032
826,12546592
825,12561152
830,12575712
838,12590272
827,12604832
825,12619392
842,12633952
824,12648512
825,12663072
827,12677632
827,12692192
823,12706752
822,12721312
833,12735872
830,12750432
824,12764992
836,12779552
826,12794112
825,12808672
824,12823232
824,12837792
832,12852352
837,12866912
829,12881472
828,12896032
829,12910592
822,12925152
821,12939712
828,12954272
827,12968832
822,12983392
826,12997952
845,13012512
831,13027072
822,13041632
832,13056192
828,13070752
825,13085312
824,13099872
826,13114432
829,13128992
824,13143552
839,13158112
830,13172672
823,13187232
822,13201792
825,13216352
829,13230912
826,13245472
821,13260032
830,13274592
827,13289152
832,13303712
832,13318272
829,13332832
825,13347392
824,13361952
825,13376512
829,13391072
832,13405632
825,13420192
828,13434752
835,13449312
823,13463872
822,13478432
826,13492992
825,13507552
825,13522112
827,13536672
833,13551232
828,13565792
838,13580352
831,13594912
826,13609472
823,13624032
823,13638592
826,13653152
826,13667712
836,13682272
830,13696832
829,13711392
845,13725952
829,13740512
828,13755072
826,13769632
820,13784192
826,13798752
826,13813312
835,13827872
825,13842432
830,13856992
837,13871552
827,13886112
821,13900672
829,13915232
830,13929792
822,13944352
832,13958912
838,13973472
826,13988032
822,14002592
833,14017152
828,14031712
824,14046272
824,14060832
826,14075392
827,14089952
843,14104512
828,14119072
830,14133632
832,14148192
825,14162752
825,14177312
828,14191872
824,14206432
824,14220992
828,14235552
840,14250112
828,14264672
825,14279232
841,14293792
826,14308352
821,14322912
824,14337472
829,14352032
830,14366592
820,14381152
838,14395712
830,14410272
822,14424832
823,14439392
826,14453952
825,14468512
828,14483072
826,14497632
826,14512192
825,14526752
832,14541312
827,14555872
825,14570432
826,14584992
823,14599552
826,14614112
827,14628672
827,14643232
825,14657792
842,14672352
828,14686912
827,14701472
823,14716032
827,14730592
824,14745152
824,14759712
829,14774272
833,14788832
826,14803392
843,14817952
832,14832512
826,14847072
819,14861632
822,14876192
826,14890752
821,14905312
835,14919872
827,14934432
825,14948992
839,14963552
825,14978112
825,14992672
826,15007232
819,15021792
823,15036352
828,15050912
835,15065472
823,15080032
826,15094592
836,15109152
823,15123712
821,15138272
828,15152832
827,15167392
821,15181952
845,15196512
832,15211072
826,15225632
833,15240192
835,15254752
825,15269312
826,15283872
821,15298432
828,15312992
828,15327552
836,15342112
828,15356672
828,15371232
839,15385792
820,15400352
827,15414912
824,15429472
826,15444032
820,15458592
829,15473152
839,15487712
824,15502272
829,15516832
840,15531392
824,15545952
824,15560512
827,15575072
826,15589632
828,15604192
828,15618752
837,15633312
832,15647872
825,15662432
822,15676992
825,15691552
826,15706112
822,15720672
826,15735232
831,15749792
836,15764352
831,15778912
829,15793472
826,15808032
820,15822592
828,15837152
830,15851712
825,15866272
831,15880832
826,15895392
846,15909952
827,15924512
825,15939072
830,15953632
825,15968192
823,15982752
823,15997312
827,16011872
829,16026432
825,16040992
839,16055552
829,16070112
826,16084672
824,16099232
830,16113792
827,16128352
821,16142912
834,16157472
827,16172032
827,16186592
834,16201152
829,16215712
828,16230272
825,16244832
824,16259392
826,16273952
827,16288512
830,16303072
825,16317632
831,16332192
834,16346752
820,16361312
826,16375872
827,16390432
826,16404992
824,16419552
844,16434112
832,16448672
826,16463232
835,16477792
830,16492352
825,16506912
824,16521472
826,16536032
827,16550592
825,16565152
835,16579712
828,16594272
829,16608832
834,16623392
819,16637956
825,16652512
828,16667072
825,16681632
826,16696192
825,16710752
835,16725312
824,16739872
827,16754432
837,16768992
824,16783552
822,16798112
826,16812672
824,16827232
826,16841792
834,16856352
833,16870912
828,16885472
827,16900032
825,16914592
830,16929152
824,16943712
828,16958272
828,16972832
828,16987392
843,17001952
823,17016512
826,17031072
832,17045632
824,17060192
829,17074752
826,17089312
822,17103872
826,17118432
828,17132992
840,17147552
827,17162112
823,17176672
827,17191232
825,17205792
823,17220352
826,17234912
827,17249472
827,17264032
824,17278592
839,17293152
827,17307712
820,17322272
828,17336832
829,17351392
827,17365952
821,17380512
832,17395072
830,17409632
824,17424192
832,17438752
830,17453312
825,17467872
823,17482432
822,17496992
826,17511552
824,17526112
829,17540672
827,17555232
839,17569792
831,17584352
821,17598912
827,17613472
826,17628032
822,17642592
823,17657152
839,17671712
828,17686272
827,17700832
841,17715392
834,17729952
821,17744512
824,17759072
827,17773632
825,17788192
827,17802752
832,17817312
831,17831872
824,17846432
837,17860992
822,17875552
825,17890112
828,17904672
823,17919232
825,17933792
838,17948352
826,17962912
826,17977472
828,17992032
838,18006592
823,18021152
822,18035716
824,18050272
827,18064832
823,18079392
845,18093952
836,18108512
827,18123072
831,18137632
826,18152192
826,18166752
823,18181312
824,18195872
829,18210432
827,18224992
835,18239552
830,18254112
829,18268672
840,18283232
821,18297792
827,18312352
823,18326912
820,18341472
830,18356032
827,18370592
837,18385152
829,18399712
827,18414272
824,18428832
827,18443392
822,18457952
826,18472512
829,18487072
830,18501632
825,18516192
839,18530752
828,18545312
826,18559872
825,18574432
831,18588992
823,18603552
825,18618112
836,18632672
831,18647232
833,18661792
831,18676352
827,18690912
824,18705472
823,18720032
824,18734592
829,18749152
826,18763712
826,18778272
827,18792832
845,18807392
828,18821952
825,18836512
829,18851072
825,18865632
822,18880192
822,18894752
837,18909312
828,18923872
824,18938432
840,18952992
829,18967552
821,18982112
822,18996672
825,19011232
827,19025792
823,19040352
834,19054912
830,19069472
826,19084032
835,19098592
824,19113152
827,19127712
820,19142272
827,19156832
824,19171392
844,19185952
830,19200512
823,19215072
831,19229632
830,19244192
821,19258752
828,19273312
827,19287872
822,19302432
825,19316992
843,19331552
827,19346112
824,19360672
839,19375232
824,19389792
825,19404352
823,19418912
824,19433472
828,19448032
825,19462592
835,19477152
829,19491712
828,19506272
840,19520832
825,19535392
826,19549952
824,19564512
824,19579072
831,19593632
826,19608192
831,19622752
825,19637312
831,19651872
825,19666432
823,19680992
824,19695552
829,19710112
826,19724672
824,19739232
839,19753792
832,19768352
828,19782912
824,19797472
825,19812032
828,19826592
822,19841152
821,19855712
834,19870272
826,19884832
840,19899392
833,19913952
828,19928512
821,19943072
825,19957632
825,19972192
826,19986752
821,20001312
828,20015872
828,20030432
837,20044992
827,20059552
822,20074112
827,20088672
826,20103232
824,20117792
831,20132352
835,20146912
826,20161472
825,20176032
840,20190592
829,20205152
824,20219712
824,20234272
826,20248832
823,20263392
821,20277952
834,20292512
829,20307072
829,20321632
834,20336192
826,20350752
823,20365312
821,20379872
826,20394432
825,20408992
840,20423552
828,20438112
829,20452672
842,20467232
825,20481792
823,20496352
825,20510912
829,20525472
823,20540032
824,20554592
841,20569152
830,20583712
822,20598272
841,20612832
826,20627392
822,20641952
821,20656512
829,20671072
827,20685632
823,20700192
831,20714752
829,20729312
829,20743872
835,20758432
824,20772992
829,20787552
823,20802112
821,20816672
832,20831232
837,20845792
830,20860352
825,20874912
828,20889472
825,20904032
823,20918592
824,20933152
828,20947712
825,20962272
825,20976832
845,20991392
830,21005952
820,21020512
834,21035072
825,21049632
824,21064192
823,21078752
822,21093312
829,21107872
826,21122432
835,21136992
829,21151552
829,21166112
823,21180672
823,21195232
827,21209792
825,21224352
825,21238912
832,21253472
827,21268032
832,21282592
828,21297152
826,21311712
824,21326272
825,21340832
824,21355392
830,21369952
829,21384512
825,21399072
829,21413632
837,21428192
825,21442752
822,21457312
824,21471872
829,21486432
826,21500992
826,21515552
833,21530112
831,21544672
836,21559232
834,21573792
826,21588352
824,21602912
825,21617472
829,21632032
829,21646592
835,21661152
827,21675712
829,21690272
844,21704832
826,21719392
822,21733952
827,21748512
824,21763072
825,21777632
828,21792192
836,21806752
826,21821312
823,21835872
838,21850432
824,21864992
823,21879552
823,21894112
828,21908672
826,21923232
831,21937792
832,21952352
830,21966912
823,21981472
835,21996032
826,22010592
826,22025152
824,22039712
829,22054272
831,22068832
842,22083392
828,22097952
832,22112512
834,22127072
821,22141632
825,22156192
829,22170752
827,22185312
823,22199872
824,22214432
843,22228996
830,22243552
825,22258112
844,22272672
829,22287232
825,22301792
823,22316352
825,22330912
831,22345472
822,22360032
834,22374592
829,22389152
830,22403712
822,22418272
824,22432832
830,22447392
822,22461952
823,22476512
831,22491072
830,22505632
832,22520192
830,22534752
827,22549312
825,22563872
825,22578432
827,22592992
827,22607552
831,22622112
824,22636672
842,22651232
833,22665792
826,22680352
822,22694916
827,22709472
825,22724032
824,22738592
828,22753152
834,22767712
823,22782272
841,22796832
833,22811392
826,22825952
822,22840512
823,22855072
825,22869632